14370400
14530800
18480800
16360900
15671300
15281700
18491900
15832100
17342200
14162500
2900
17343000
19503900
14194700
15795400
18295700
21596300
18387100
14367500
18688200
19838200
20398300
19368500
18448700
17878800
18299500
2960101
3780101
4200301
14420601
21930801
5161301
18661601
14651801
14411901
18852401
17302601
962801
953301
1053301
15723301
16493301
17883301
14263801
14523801
2025201
17635201
17025501
15355801
18776501
19906701
2117101
2007201
15257401
14257601
21177601
15008001
1738401
14588501
15878501
15438601
4368901
17498901
15519401
2689501
1719601
19919601
8820102
13140102
7580302
15520302
8210502
13080502
18590602
14730702
16420802
13221002
14231102
18091202
13371302
5751402
9261402
7831902
7941902
14242102
19312102
6292902
8112902
8752902
10203002
12263302
9183402
10653402
5623502
10633502
14103602
15993702
11403902
13354002
14044002
14914002
12794102
13414102
18424102
8074202
