1 1007
2 312
3 1100
3 67
4 307
4 527
4 1120
5 307
5 527
5 1120
6 144
7 1101
7 148
8 1172
9 978
10 148
11 582
11 387
12 210
13 1159
14 1100
15 27
16 181
17 457
18 307
18 48
18 250
18 733
18 530
18 527
18 808
19 624
19 656
20 698
21 1144
22 293
23 953
24 153
24 444
24 127
25 806
26 311
27 279
28 614
29 1084
30 753
31 957
31 139
31 476
31 614
31 1156
31 736
31 945
31 223
31 460
31 396
31 691
31 649
31 504
31 513
31 506
31 978
31 502
31 646
31 641
31 1121
31 913
31 424
31 354
31 781
31 604
32 545
33 411
33 139
33 338
33 278
33 475
33 1038
33 202
33 1025
33 9
33 10
33 11
33 554
33 674
33 947
33 216
33 20
33 261
33 1109
33 632
33 929
33 758
33 876
33 927
33 441
33 849
33 512
33 990
33 1130
33 648
33 514
33 370
33 97
33 507
33 110
33 231
33 43
33 526
33 857
33 502
33 641
33 970
33 495
33 113
33 601
33 1075
33 781
33 361
33 180
33 845
34 821
34 550
34 546
34 819
34 1092
34 11
34 1095
34 13
34 14
34 1119
34 568
34 307
34 1133
34 1130
34 512
34 513
34 785
34 313
34 797
34 1151
34 528
34 782
34 59
34 57
34 537
34 536
34 1032
34 343
34 614
34 885
34 65
34 66
34 612
34 886
34 891
34 625
34 320
34 1054
34 334
34 637
34 99
34 1071
34 859
34 584
34 382
34 106
34 592
34 113
34 1075
34 843
34 604
34 361
34 120
34 845
34 137
34 136
34 949
34 950
34 676
34 133
34 674
34 947
34 399
34 699
34 145
34 388
34 441
34 439
34 424
34 184
34 671
34 429
34 180
34 1155
34 203
34 1163
34 736
34 466
34 223
34 459
34 219
34 456
34 995
34 208
34 996
34 239
34 233
34 231
34 502
34 496
34 728
34 255
34 970
34 252
34 961
34 243
34 240
35 691
36 478
36 668
36 204
36 49
36 139
36 515
36 456
36 949
36 298
37 352
37 888
38 476
38 139
38 766
38 20
38 530
38 949
38 738
38 176
39 956
39 35
39 139
39 648
39 1068
39 650
39 1008
39 949
39 1094
39 736
39 520
39 533
39 1170
39 460
39 699
39 428
39 530
39 904
40 1100
40 476
40 139
40 138
40 1099
40 555
40 674
40 14
40 153
40 460
40 599
40 261
40 57
40 759
40 637
40 757
41 682
42 620
43 49
43 156
43 1130
43 734
43 949
44 139
44 444
45 43
46 627
47 775
48 1010
49 245
50 789
51 987
52 2
53 51
53 442
53 885
53 894
54 690
55 330
56 329
57 329
58 1010
59 944
60 730
60 348
61 316
62 308
63 806
64 442
65 301
66 237
67 949
68 210
69 632
70 1167
71 407
72 610
73 358
73 243
74 67
75 802
75 558
76 199
77 806
77 398
78 806
79 1019
79 1024
80 5
81 293
82 402
83 535
84 726
85 540
85 636
86 1129
86 112
86 667
86 129
86 496
87 331
88 237
89 409
89 512
89 507
89 111
89 586
89 794
89 135
89 464
89 553
89 152
89 324
89 800
89 836
89 599
89 240
90 611
90 338
90 200
90 276
90 468
90 199
90 1028
90 741
90 620
90 135
90 284
90 221
90 942
90 156
90 870
90 457
90 332
90 264
90 384
90 929
90 637
90 851
90 369
90 859
90 647
90 862
90 983
90 793
90 669
90 670
90 190
90 489
90 733
90 293
90 735
90 1075
90 724
90 844
91 904
92 939
93 323
94 303
95 301
96 266
97 733
98 31
99 1075
99 1125
99 620
100 178
100 1126
100 433
100 503
101 716
102 30
103 698
104 575
105 17
106 944
107 488
108 585
109 519
110 213
111 944
112 1117
112 1094
113 1066
114 1050
115 589
116 1024
117 1096
118 1144
119 1096
120 369
120 1069
120 1109
120 634
120 416
120 994
120 1014
121 1001
122 1094
123 948
124 90
125 861
126 332
127 330
128 109
129 716
130 939
131 732
131 1045
132 961
133 643
134 81
134 766
135 466
136 110
137 28
138 153
139 733
140 1100
140 924
141 158
142 228
143 167
143 148
143 105
144 1045
145 713
146 669
147 496
148 508
148 205
148 790
148 513
148 739
148 381
148 161
148 915
148 590
148 762
148 220
148 702
148 1048
148 325
148 294
148 82
148 456
148 720
148 694
148 632
148 242
148 451
148 1137
148 727
149 876
150 915
151 258
152 266
153 178
154 775
155 594
156 729
157 1024
158 651
158 938
158 1110
158 1044
158 14
159 806
160 930
161 1169
161 960
162 716
163 237
164 1117
165 883
165 1174
166 672
167 682
168 755
169 217
170 516
170 821
170 168
170 717
170 991
170 1156
170 545
170 921
170 228
170 72
170 47
170 118
170 1169
170 670
170 1080
170 598
170 1084
170 213
170 27
170 1072
170 362
171 153
172 990
173 199
174 896
175 1100
175 1
176 1098
177 1089
178 1095
179 753
180 64
180 179
180 856
181 582
182 848
183 307
183 330
184 848
185 354
185 1046
186 922
186 1115
187 516
188 627
188 4
188 1159
188 1115
188 784
188 989
188 828
188 453
188 999
188 793
188 756
188 284
188 636
189 682
190 1045
191 848
192 192
193 1152
194 566
195 342
195 466
195 148
196 1042
197 848
197 983
198 138
198 955
198 999
199 1017
200 274
201 881
201 627
201 330
202 643
203 935
204 1119
205 489
206 839
207 848
208 85
209 909
210 515
210 813
211 888
212 1116
212 1079
212 607
212 1015
213 368
214 1100
215 596
215 720
215 330
216 52
217 1116
218 607
219 445
220 148
221 607
222 228
223 377
224 806
225 148
226 394
227 266
228 1154
229 204
230 881
231 1100
232 400
233 35
234 1042
235 641
236 971
236 1115
236 284
236 636
237 876
238 955
239 264
239 332
240 972
241 81
242 204
243 392
244 186
244 906
244 53
245 1094
246 442
247 865
248 811
249 911
249 1100
249 11
249 148
250 921
251 148
252 1171
253 1024
254 876
255 690
256 1097
257 1032
258 1142
259 264
260 442
260 751
261 848
262 562
263 489
264 679
265 987
266 450
267 1075
268 251
269 485
270 564
271 129
272 523
273 1036
274 315
275 107
276 1119
277 893
278 823
279 753
280 706
281 682
282 90
283 1135
283 1144
284 1116
284 24
284 27
284 1095
284 570
284 607
285 581
286 1013
287 652
288 214
289 330
290 153
291 332
292 453
293 1084
294 330
295 380
296 279
297 788
297 232
298 111
299 445
299 1173
299 93
300 1024
300 912
301 327
301 325
302 118
302 817
303 1000
304 746
304 714
304 733
304 1024
304 453
304 330
305 991
306 923
306 1041
307 1167
308 643
309 1032
310 300
311 453
311 691
312 613
313 55
314 1004
315 562
316 836
316 777
317 1119
318 627
319 679
320 251
321 72
322 377
322 149
323 1100
323 551
323 1101
323 3
323 5
323 7
323 1094
323 1095
323 1090
323 1119
323 564
323 561
323 574
323 27
323 570
323 1134
323 517
323 33
323 512
323 37
323 43
323 1122
323 1123
323 523
323 51
323 535
323 1149
323 1148
323 529
323 530
323 539
323 611
323 608
323 609
323 618
323 77
323 72
323 1031
323 86
323 624
323 631
323 628
323 1041
323 95
323 1043
323 639
323 637
323 576
323 100
323 581
323 582
323 583
323 585
323 586
323 108
323 118
323 596
323 598
323 603
323 602
323 1079
323 605
323 1078
323 120
323 1076
323 687
323 140
323 142
323 680
323 129
323 679
323 678
323 675
323 153
323 697
323 148
323 690
323 688
323 150
323 652
323 169
323 173
323 643
323 642
323 668
323 1153
323 200
323 1156
323 1159
323 202
323 193
323 192
323 741
323 221
323 217
323 219
323 756
323 238
323 716
323 228
323 254
323 728
323 252
323 731
323 733
323 249
323 245
323 725
323 821
323 823
323 822
323 816
323 277
323 283
323 824
323 827
323 284
323 805
323 801
323 266
323 809
323 810
323 811
323 308
323 310
323 798
323 797
323 775
323 768
323 343
323 881
323 342
323 339
323 885
323 889
323 888
323 891
323 326
323 327
323 325
323 322
323 869
323 321
323 331
323 878
323 855
323 853
323 859
323 858
323 377
323 862
323 379
323 357
323 833
323 354
323 355
323 842
323 843
323 840
323 846
323 847
323 845
323 410
323 414
323 412
323 947
323 937
323 397
323 938
323 384
323 934
323 930
323 443
323 922
323 446
323 447
323 921
323 432
323 424
323 429
323 419
323 900
323 418
323 897
323 423
323 478
323 1020
323 471
323 1009
323 469
323 466
323 464
323 1005
323 458
323 457
323 456
323 994
323 450
323 987
323 511
323 504
323 991
323 500
323 977
323 496
323 497
323 983
323 499
323 493
323 971
324 607
325 821
325 173
325 354
325 177
326 1116
327 244
328 944
329 1119
330 153
330 308
330 143
330 334
330 963
330 843
330 481
330 997
330 1012
330 896
331 148
332 744
332 882
332 549
332 749
332 677
332 280
332 325
332 563
332 877
332 98
332 175
332 1068
332 647
332 587
332 1063
332 226
332 522
332 711
332 792
332 710
332 191
332 665
332 541
332 364
332 60
333 876
334 159
335 1072
336 539
337 698
338 697
339 27
340 279
341 281
342 301
343 629
343 503
344 848
344 584
344 27
344 890
345 352
346 276
347 871
348 312
349 246
350 855
351 643
352 1119
353 327
354 442
355 698
356 888
357 747
358 716
359 848
360 953
360 575
361 1094
362 1086
363 263
363 1023
364 748
365 258
366 379
367 1100
368 302
369 1001
370 614
371 619
372 675
373 855
373 278
374 715
375 938
376 1111
377 1096
378 643
379 1100
380 288
380 1017
380 969
381 848
381 778
382 939
383 185
384 920
385 293
386 716
386 1085
386 765
386 1129
386 661
386 312
386 503
386 148
386 725
386 896
387 1045
388 876
389 806
390 153
391 1037
392 993
393 682
394 489
394 114
394 1052
394 334
394 946
395 1024
396 1109
397 619
398 51
399 342
399 768
400 626
401 118
401 1131
401 843
401 193
401 947
402 5
403 332
404 1096
405 289
406 1086
407 456
408 1155
408 580
408 650
408 312
408 644
408 857
408 285
408 827
408 394
408 1169
408 596
408 1074
408 448
408 60
409 1085
410 1100
410 441
411 949
412 987
413 1119
414 783
415 21
416 325
417 304
417 342
417 578
417 1071
417 750
417 11
417 944
417 522
417 1060
417 194
417 344
417 804
417 463
417 426
417 701
417 459
417 82
417 454
417 1108
417 1073
417 693
417 758
417 776
417 1137
418 567
419 513
420 643
421 574
422 1044
423 103
423 883
423 1079
424 589
425 1
426 640
427 978
428 1080
429 327
429 200
430 1100
431 565
432 311
433 1007
434 111
435 1072
436 1102
437 424
438 944
439 1100
440 732
441 972
442 125
442 935
442 589
443 580
444 925
445 25
446 1024
447 806
448 859
449 332
450 683
451 682
452 228
453 934
454 134
455 806
456 1098
457 221
458 949
459 607
460 864
461 667
462 824
463 1136
464 918
465 151
466 486
467 122
468 765
469 698
470 994
471 323
472 756
473 557
474 825
475 452
476 148
477 1100
478 661
479 285
480 148
481 1100
482 228
483 1102
484 1167
485 1024
486 85
487 221
488 148
489 806
490 956
491 407
492 305
493 619
494 332
495 384
496 716
497 88
498 1077
499 262
500 901
501 846
502 228
503 1103
503 681
504 358
505 177
506 127
507 51
508 992
509 148
510 171
510 301
511 1
512 516
512 266
513 585
513 43
513 1046
514 290
515 846
516 330
517 596
518 944
519 129
520 403
521 476
521 345
522 953
523 944
524 43
525 499
526 1100
527 204
528 342
529 148
530 958
531 148
532 462
532 1103
532 1039
532 960
532 1044
533 670
534 329
535 197
536 873
537 991
538 435
539 394
540 496
541 955
542 1159
543 932
544 347
545 338
546 956
547 898
548 453
549 407
550 859
551 58
552 934
553 700
554 332
555 684
556 174
557 779
558 911
558 532
558 519
558 214
558 280
558 1138
558 915
559 562
560 530
561 990
562 966
563 1045
564 627
565 332
566 560
567 806
568 912
569 127
570 930
571 547
571 1159
571 748
571 313
571 707
571 527
571 269
572 843
573 787
574 195
575 682
576 164
577 499
578 632
579 1017
580 350
581 670
582 904
583 33
583 1096
583 234
583 413
583 961
583 94
584 731
585 859
585 1094
586 333
587 640
588 1100
589 944
590 806
591 939
592 236
593 339
593 547
593 200
593 142
593 554
593 406
593 346
593 805
593 221
593 1050
593 766
593 456
593 335
593 99
593 582
593 310
593 585
593 647
593 709
593 520
593 862
593 118
593 670
593 292
593 1146
593 423
593 606
594 1024
595 1098
596 121
597 201
598 464
599 637
600 1059
601 967
601 345
602 200
603 944
604 148
605 983
606 643
607 939
608 33
609 1109
610 484
611 354
612 312
613 481
614 51
614 865
614 1070
614 1161
614 930
615 258
616 810
617 682
618 968
618 477
618 211
619 820
619 865
619 5
620 780
621 914
622 85
622 1000
622 1035
622 562
622 174
622 7
622 783
622 888
623 279
623 1144
624 500
625 466
626 935
627 51
627 865
627 1070
627 1161
627 332
627 876
627 72
627 930
628 128
629 394
630 1057
631 713
632 876
633 1100
633 1079
634 275
635 352
636 338
636 939
637 7
638 1
639 125
640 836
641 442
641 1010
642 941
642 864
642 1034
642 300
642 928
642 1089
642 378
643 876
644 571
645 682
646 425
647 413
648 1000
649 11
650 1018
651 129
652 408
653 1
654 888
655 806
656 876
657 293
657 276
657 284
658 112
659 27
660 966
661 325
662 698
663 218
664 305
665 983
666 934
667 312
668 896
669 1024
670 1119
670 1006
671 1141
672 339
672 545
673 264
674 1017
675 339
675 545
676 673
677 626
677 1096
678 21
679 876
680 926
681 1024
682 327
683 807
684 424
684 70
684 733
684 96
684 697
684 72
685 936
686 627
687 488
688 876
689 163
689 400
690 733
690 562
690 923
690 1024
690 1094
691 442
692 488
693 148
694 614
695 502
696 336
697 643
698 670
698 322
698 293
698 264
698 647
698 620
698 284
699 391
700 76
700 992
701 1144
702 337
703 153
704 972
705 1007
706 1
707 868
708 81
709 520
710 713
711 572
712 983
713 896
714 318
715 548
716 713
717 725
718 75
719 931
720 778
721 910
722 922
723 345
724 890
725 342
726 923
727 806
728 949
729 325
730 330
731 407
732 407
733 707
734 575
735 559
736 1024
737 787
738 28
739 43
740 63
740 75
741 496
742 271
743 698
744 43
745 821
746 97
747 28
748 1152
748 755
749 148
750 754
751 311
752 358
752 286
752 740
753 331
754 884
755 354
756 949
757 1007
758 859
759 959
760 169
760 81
760 334
761 539
762 214
763 120
764 724
765 384
766 330
767 1116
768 698
769 1166
770 969
770 615
771 551
772 806
773 588
774 894
775 967
776 979
777 1119
778 806
779 394
779 733
779 582
779 62
780 909
781 961
782 3
783 869
784 944
785 127
786 691
787 644
788 1049
789 698
790 911
790 733
790 212
790 380
790 643
791 533
792 72
793 1119
794 1017
794 595
795 141
796 207
797 1101
797 278
798 889
799 643
800 859
801 899
802 848
803 276
804 848
805 171
805 821
805 716
805 283
805 859
805 228
805 503
805 1052
805 457
805 836
805 1111
805 331
805 636
806 876
807 1102
808 148
809 448
810 1001
811 1002
812 717
813 252
814 670
815 1151
816 395
817 865
818 1144
819 487
819 330
820 328
821 1003
822 153
823 172
824 955
825 1100
825 512
825 217
825 859
825 575
825 843
825 281
825 228
826 1100
826 1081
826 156
826 1020
826 716
826 9
826 520
826 846
827 200
828 1144
829 881
830 614
831 698
832 859
833 1032
834 466
835 332
836 971
836 71
836 499
837 944
838 643
839 670
840 339
841 1097
842 1105
843 431
844 733
844 768
844 583
844 346
844 331
845 1084
846 698
847 521
848 330
848 12
849 237
850 89
851 252
852 865
853 433
854 806
855 859
856 1006
857 442
857 733
857 1129
857 189
857 82
857 212
857 1094
857 498
858 63
859 922
860 516
861 661
862 1135
863 394
864 99
865 1118
866 1117
866 859
866 1094
866 1046
867 1004
868 1059
869 202
870 984
871 217
872 254
873 206
874 322
875 806
876 715
876 562
876 1156
876 799
876 330
876 148
876 777
877 698
878 1045
879 326
879 686
879 312
879 298
879 27
879 1140
880 107
881 500
882 148
883 156
884 1
885 614
886 880
887 821
888 214
889 698
890 893
891 1024
892 1132
892 296
893 1043
894 293
895 354
896 596
897 442
898 848
899 330
900 333
901 613
902 819
903 1024
904 1119
905 213
906 881
907 328
908 941
909 765
910 570
911 912
912 1100
913 66
914 325
915 596
915 148
916 142
916 466
916 423
917 266
918 981
919 520
920 135
921 1100
922 228
923 424
923 530
924 444
925 1053
926 273
926 560
926 231
927 1100
928 330
929 127
930 390
931 570
932 137
932 1000
932 332
933 834
933 84
933 962
933 499
934 209
935 1
936 1131
936 200
937 1084
938 698
939 329
940 107
941 929
942 1082
943 535
944 1144
945 715
946 454
947 1115
948 534
948 456
948 229
949 765
949 688
949 689
950 153
951 310
952 335
953 1080
954 19
955 895
956 1076
957 204
957 942
957 848
958 466
959 329
960 312
961 227
962 453
963 489
964 924
965 667
966 1075
967 148
968 6
968 370
969 881
969 611
969 885
969 768
969 1059
969 453
969 27
969 88
970 1072
971 41
972 260
972 696
973 626
974 806
975 430
975 575
976 125
976 1110
977 453
978 161
979 32
979 795
980 1156
981 874
982 865
983 525
984 5
984 58
985 85
986 955
987 1101
987 148
988 494
988 224
989 806
990 649
990 158
990 1161
991 607
992 7
992 888
993 1085
994 1007
995 169
996 772
996 1081
996 985
996 899
997 806
998 852
999 1173
999 178
1000 1075
1001 493
1001 196
1001 229
1001 379
1002 631
1002 483
1003 865
1004 404
1005 453
1006 876
1007 643
1008 188
1009 848
1010 1151
1010 518
1010 670
1010 293
1010 615
1010 412
1010 739
1010 661
1010 843
1010 332
1010 280
1010 330
1010 862
1010 134
1011 457
1012 55
1013 1036
1013 225
1014 350
1015 978
1015 196
1015 312
1015 453
1015 527
1015 1062
1015 120
1015 164
1016 890
1017 326
1017 476
1017 819
1017 650
1017 994
1017 983
1017 623
1017 810
1018 1117
1018 322
1019 806
1020 876
1021 987
1021 1020
1021 278
1021 934
1021 183
1021 61
1021 499
1022 569
1023 876
1024 332
1025 293
1026 806
1027 806
1028 562
1029 184
1029 54
1030 1111
1031 922
1032 153
1032 876
1033 146
1033 330
1033 997
1034 1167
1035 74
1036 330
1037 1024
1038 115
1039 651
1040 871
1041 1100
1042 43
1043 1100
1044 334
1045 258
1046 661
1047 1033
1047 620
1048 1116
1049 490
1050 967
1051 670
1051 848
1052 154
1052 291
1052 367
1052 997
1052 777
1053 974
1054 848
1055 312
1056 226
1057 944
1058 943
1059 305
1060 1100
1061 716
1062 713
1063 390
1064 118
1064 234
1065 535
1066 251
1067 339
1068 974
1068 933
1069 997
1070 10
1071 524
1071 992
1071 857
1072 72
1073 864
1073 1150
1073 718
1073 496
1073 877
1073 226
1073 552
1073 913
1073 134
1074 118
1074 1011
1075 290
1075 667
1075 606
1076 1
1077 992
1078 148
1079 502
1080 1116
1081 972
1082 293
1082 276
1083 844
1084 1027
1085 313
1086 922
1087 1094
1088 148
1089 670
1089 293
1089 264
1090 1007
1091 476
1092 1094
1093 148
1094 118
1094 213
1095 716
1096 311
1097 330
1097 863
1098 799
1099 888
1100 1011
1101 806
1102 985
1103 266
1103 619
1104 393
1105 537
1106 342
1107 1100
1108 178
1109 417
1109 502
1110 175
1111 124
1112 1117
1113 1155
1114 328
1115 171
1115 631
1115 1062
1115 465
1116 683
1116 934
1117 375
1118 698
1119 775
1120 46
1121 1109
1122 114
1123 1172
1124 278
1125 545
1126 1100
1127 418
1128 327
1129 806
1130 1171
1130 200
1131 957
1132 9
1133 85
1133 922
1133 399
1133 991
1133 39
1133 277
1133 1144
1133 890
1133 1062
1133 1045
1133 481
1133 912
1134 330
1135 311
1136 329
1137 972
1138 857
1138 314
1138 150
1139 848
1139 972
1139 1024
1140 1105
1141 922
1141 232
1141 1045
1142 952
1143 661
1144 53
1145 148
1146 257
1146 1166
1147 305
1148 132
1149 981
1150 504
1151 330
1152 1044
1153 1044
1154 1117
1155 799
1156 1175
1157 325
1157 279
1157 698
1157 311
1157 859
1157 874
1157 1094
1157 330
1157 1045
1157 148
1157 30
1158 62
1159 806
1160 228
1161 1094
1162 1075
1163 806
1164 868
1164 470
1165 819
1166 1024
1167 999
1168 783
1169 1040
1170 170
1170 925
1170 812
1170 752
1171 881
1172 249
1173 1008
1174 1008
1175 322
1175 619
1175 228
1176 82
1177 327
1178 329
1179 913
1180 740
1181 764
1182 794
1183 441
1183 249
1184 221
1184 33
1184 370
1184 515
1184 123
1184 346
1184 740
1185 53
1185 413
1186 509
1186 848
1186 903
1186 454
1186 983
1186 226
1187 284
1188 264
1189 328
1190 670
1191 254
1192 289
1193 806
1194 1134
1195 169
1195 229
1196 765
1197 1116
1197 225
1198 934
1199 670
1200 1
1201 988
1202 342
1202 380
1203 394
1204 153
1204 1065
1205 698
1205 330
1206 83
1207 848
1208 566
1209 5
1209 691
1210 408
1211 798
1212 290
1213 1119
1214 848
1215 254
1216 857
1217 996
1218 716
1219 1156
1220 705
1221 987
1222 511
1222 716
1223 330
1224 703
1224 62
1225 957
1225 342
1225 614
1225 581
1225 323
1225 499
1226 81
1227 1100
1228 562
1228 1098
1229 1
1230 865
1231 518
1231 247
1232 78
1233 798
1234 405
1235 394
1236 545
1237 691
1238 806
1239 420
1240 72
1241 806
1242 1100
1243 51
1243 214
1244 580
1245 481
1246 657
1247 698
1248 232
1249 848
1250 120
1251 876
1252 1144
1253 576
1253 564
1253 1020
1254 684
1255 934
1256 273
1256 717
1257 163
1258 684
1259 51
1260 729
1261 726
1262 187
1263 643
1264 970
1264 1062
1264 690
1265 650
1265 640
1266 834
1267 783
1268 767
1269 895
1270 1083
1270 611
1270 969
1270 33
1270 1157
1270 127
1270 383
1270 438
1271 940
1271 907
1271 939
1272 217
1272 1175
1273 1100
1274 323
1275 217
1275 679
1276 489
1276 716
1276 853
1276 144
1276 679
1276 724
1276 588
1276 420
1277 806
1278 821
1279 1053
1280 316
1281 254
1281 1149
1281 244
1282 1119
1283 881
1284 972
1284 962
1285 805
1286 1
1286 1144
1287 1167
1288 148
1289 1034
1289 279
1289 953
1289 277
1289 544
1289 6
1289 203
1289 748
1289 679
1289 949
1289 468
1289 199
1289 1094
1289 284
1289 1117
1289 805
1289 942
1289 564
1289 1050
1289 144
1289 386
1289 873
1289 331
1289 150
1289 169
1289 716
1289 507
1289 859
1289 312
1289 977
1289 980
1289 51
1289 427
1289 833
1289 115
1289 768
1289 662
1289 841
1289 420
1289 120
1290 1168
1291 1127
1292 44
1293 1080
1294 1135
1295 25
1296 682
1297 765
1298 332
1299 816
1300 669
1301 409
1302 543
1302 451
1303 147
1304 1088
1305 1110
1306 1135
1306 184
1307 153
1308 596
1309 806
1310 731
1311 1007
1312 1091
1313 51
1314 909
1315 698
1316 896
1317 71
1318 1098
1319 871
1320 520
1321 947
1322 806
1323 874
1324 1144
1325 1094
1326 682
1327 338
1328 204
1328 848
1329 659
1330 907
1331 241
1332 107
1333 651
1334 913
1335 865
1336 169
1337 153
1337 308
1338 210
1339 33
1340 394
1341 821
1342 168
1343 689
1344 796
1345 148
1346 698
1347 214
1348 873
1349 944
1350 865
1351 747
1352 11
1353 1089
1354 545
1355 399
1356 932
1357 19
1357 922
1357 1115
1357 628
1357 859
1357 148
1357 225
1358 1094
1359 1113
1360 95
1361 1083
1362 92
1363 286
1364 603
1365 1144
1365 90
1366 806
1367 716
1368 977
1369 698
1370 575
1371 806
1372 1067
1373 489
1374 687
1375 733
1376 989
1377 1064
1378 1082
1378 925
1378 114
1378 978
1378 8
1378 1074
1378 365
1378 453
1378 917
1378 498
1379 530
1380 330
1381 61
1382 1161
1383 457
1384 716
1385 566
1386 1102
1387 679
1388 936
1388 1124
1389 123
1389 284
1390 643
1391 1020
1392 278
1392 939
1392 799
1392 297
1392 264
1392 332
1392 148
1392 983
1393 472
1394 848
1395 330
1395 638
1395 708
1396 670
1397 228
1398 690
1399 51
1400 324
1401 806
1402 237
1403 501
1403 72
1403 640
1404 294
1404 497
1405 328
1406 437
1407 896
1408 332
1409 19
1409 33
1409 848
1409 614
1409 630
1409 53
1409 330
1410 121
1411 582
1412 308
1412 284
1413 994
1414 821
1415 961
1416 718
1417 848
1418 291
1418 675
1418 606
1419 407
1420 142
1421 5
1422 305
1422 961
1423 54
1424 972
1425 606
1426 530
1427 173
1428 838
1429 904
1430 582
1430 853
1430 406
1430 1105
1431 1
1432 430
1433 951
1434 949
1435 466
1436 1119
1437 940
1437 484
1437 281
1438 731
1438 178
1439 85
1439 118
1439 597
1439 698
1439 488
1439 696
1439 1114
1439 212
1439 902
1440 369
1441 848
1441 697
1442 305
1443 358
1443 243
1444 717
1444 707
1445 430
1446 1047
1447 1065
1447 874
1447 1027
1447 195
1448 1144
1449 155
1449 355
1449 421
1450 753
1451 325
1452 148
1452 777
1453 213
1453 148
1454 1079
1455 229
1456 1003
1457 1082
1458 983
1459 1079
1460 865
1461 1117
1461 628
1461 212
1462 481
1463 1053
1464 237
1464 321
1464 704
1464 1162
1465 19
1465 818
1465 464
1466 619
1467 1159
1468 43
1469 1175
1470 1090
1471 1058
1472 530
1473 111
1474 450
1475 666
1476 1079
1477 389
1478 300
1479 43
1480 893
1481 806
1482 481
1483 970
1483 339
1483 80
1483 997
1483 690
1483 319
1484 213
1485 1169
1485 960
1486 1044
1487 884
1488 516
1488 1023
1488 413
1488 859
1488 1093
1488 1094
1488 1011
1488 1062
1488 669
1488 184
1488 1051
1488 359
1488 156
1488 366
1488 215
1488 330
1488 270
1488 1046
1488 606
1489 122
1490 1119
1491 330
1492 669
1493 658
1494 718
1495 752
1496 7
1497 1085
1498 26
1499 454
1499 11
1499 965
1500 293
1501 1067
1502 1155
1503 698
1504 1090
1505 698
1506 914
1507 641
1508 330
1509 1067
1509 139
1509 504
1509 885
1509 1096
1509 173
1509 859
1509 949
1509 1059
1509 976
1509 228
1509 11
1509 1090
1509 164
1509 51
1509 940
1509 1119
1509 399
1509 249
1509 27
1509 997
1509 876
1509 897
1510 51
1511 443
1512 1100
1512 1
1512 342
1512 684
1512 279
1512 953
1512 197
1512 406
1512 1030
1512 259
1512 1000
1512 1003
1512 325
1512 1118
1512 761
1512 698
1512 575
1512 812
1512 330
1512 148
1512 1106
1512 237
1512 307
1512 848
1512 315
1512 640
1512 225
1512 499
1512 670
1512 731
1512 839
1512 1074
1512 58
1512 661
1513 1149
1514 306
1515 1034
1516 806
1517 935
1518 484
1519 1094
1519 1046
1520 707
1521 258
1521 596
1522 1027
1523 504
1524 887
1525 1084
1526 962
1527 129
1528 1086
1529 944
1529 607
1530 17
1531 922
1531 904
1532 7
1533 330
1534 1159
1535 806
1536 42
1537 890
1538 1120
1539 687
1540 644
1540 1079
1541 643
1542 923
1543 910
1544 440
1544 372
1544 289
1544 697
1545 11
1545 151
1546 507
1547 956
1548 1022
1549 150
1550 876
1551 582
1552 1100
1552 1037
1552 148
1552 328
1553 453
1554 293
1554 5
1554 456
1554 602
1554 605
1554 691
1555 338
1556 1024
1557 408
1557 308
1558 212
1559 806
1560 61
1561 433
1562 442
1562 931
1563 148
1564 1119
1565 192
1566 342
1567 293
1567 1046
1567 499
1568 1100
1569 876
1570 442
1570 707
1570 388
1571 1059
1571 230
1571 1045
1572 974
1573 910
1573 24
1574 253
1575 619
1576 1032
1577 922
1577 1074
1578 1100
1579 1007
1580 848
1580 81
1581 1117
1582 201
1583 716
1584 1144
1585 85
1585 1024
1585 934
1586 338
1586 1024
1586 798
1586 330
1587 148
1588 16
1589 256
1589 40
1589 503
1590 1131
1591 51
1592 586
1593 806
1594 876
1595 1045
1596 806
1597 893
1598 1007
1599 137
1599 774
1599 832
1599 236
1599 432
1599 1059
1600 275
1601 72
1602 606
1603 214
1604 1100
1605 949
1606 373
1606 1017
1606 649
1606 350
1606 11
1606 554
1606 740
1606 864
1606 1051
1606 571
1606 877
1606 449
1606 538
1606 689
1607 34
1607 346
1608 293
1609 867
1610 787
1610 584
1610 705
1610 949
1610 11
1610 151
1611 614
1612 930
1613 859
1614 855
1614 752
1615 881
1616 489
1617 221
1617 685
1617 100
1617 512
1617 506
1617 248
1617 718
1617 213
1617 695
1617 663
1617 198
1617 641
1617 844
1618 248
1619 821
1619 686
1619 338
1620 709
1621 584
1621 332
1621 284
1622 757
1623 1062
1624 1057
1625 570
1626 938
1627 545
1627 846
1628 369
1629 669
1630 1159
1630 619
1631 166
1632 836
1633 817
1634 904
1635 627
1636 909
1636 967
1637 575
1638 1100
1639 512
1639 281
1639 193
1640 939
1641 279
1642 356
1643 1024
1644 1024
1645 277
1646 876
1647 698
1648 1116
1649 953
1650 830
1651 806
1652 330
1653 919
1654 872
1655 221
1656 418
1657 630
1657 1062
1658 153
1659 848
1660 9
1661 1119
1662 927
1663 1013
1664 80
1664 226
1665 137
1665 27
1666 342
1667 576
1667 1020
1667 897
1668 1111
1668 331
1669 690
1670 330
1671 865
1672 330
1673 343
1674 1081
1674 965
1675 670
1676 733
1677 332
1678 698
1679 369
1680 504
1680 512
1680 600
1681 325
1681 868
1681 765
1681 661
1681 332
1681 149
1681 983
1681 1089
1682 619
1683 669
1683 330
1683 148
1684 805
1685 716
1686 1034
1687 1102
1688 148
1689 248
1690 806
1691 955
1692 1100
1693 264
1694 742
1695 308
1696 1095
1697 119
1697 699
1697 780
1697 73
1697 756
1698 627
1699 865
1700 311
1701 637
1702 330
1703 442
1703 1144
1704 682
1705 987
1705 464
1706 1086
1707 394
1707 252
1707 664
1707 868
1707 581
1707 697
1707 678
1707 199
1707 743
1707 499
1707 845
1708 190
1709 1085
1709 264
1710 1042
1711 961
1712 997
1713 258
1714 1
1715 1117
1716 627
1717 51
1718 394
1718 715
1718 1050
1718 200
1718 1089
1719 499
1720 794
1721 1024
1721 1042
1722 806
1723 881
1723 1100
1723 1
1723 848
1723 1024
1723 859
1723 888
1723 228
1723 643
1723 947
1723 1117
1723 805
1723 698
1723 1144
1723 972
1723 1075
1723 330
1724 210
1725 806
1726 1164
1727 765
1727 1056
1727 706
1728 115
1728 888
1729 1167
1730 698
1731 1
1732 354
1733 967
1734 984
1734 216
1735 965
1736 904
1737 329
1738 581
1739 881
1740 1017
1740 611
1741 7
1742 501
1743 1024
1744 211
1745 806
1746 153
1747 200
1747 456
1747 797
1748 670
1748 631
1749 469
1750 584
1751 1155
1751 278
1751 545
1751 355
1751 859
1751 1026
1751 1047
1752 157
1753 1155
1754 913
1755 682
1756 481
1757 464
1758 329
1759 68
1760 755
1761 768
1762 369
1762 323
1762 857
1762 401
1762 148
1763 983
1764 264
1765 939
1766 893
1767 283
1768 787
1769 698
1770 153
1771 163
1772 311
1773 305
1774 893
1775 1100
1775 87
1776 394
1776 293
1776 680
1776 586
1776 589
1777 91
1778 442
1779 1083
1780 584
1781 496
1782 884
1782 966
1783 5
1784 859
1785 1148
1785 829
1785 963
1786 3
1786 308
1786 896
1787 806
1788 593
1789 978
1790 819
1790 317
1791 643
1792 330
1793 441
1793 1054
1793 214
1794 446
1795 926
1796 627
1797 737
1798 45
1799 374
1800 955
1801 448
1802 993
1803 352
1804 938
1805 1049
1806 516
1807 799
1807 1104
1808 1081
1808 1034
1808 654
1808 1126
1808 621
1808 1046
1809 207
1810 1050
1811 503
1812 643
1813 119
1813 429
1813 699
1814 453
1815 148
1816 806
1817 806
1818 90
1819 33
1819 843
1819 862
1820 148
1821 474
1822 793
1823 1148
1824 143
1825 264
1825 983
1825 284
1826 679
1827 1119
1828 293
1829 332
1830 607
1831 1174
1832 1042
1833 11
1834 207
1834 512
1834 719
1834 202
1834 455
1834 281
1834 193
1835 331
1836 217
1836 335
1837 213
1838 524
1838 992
1838 181
1839 1032
1840 888
1841 913
1842 806
1843 938
1844 614
1844 200
1844 1161
1844 346
1844 674
1844 866
1844 767
1844 814
1844 934
1844 877
1844 655
1844 98
1844 854
1844 505
1844 582
1844 859
1844 1122
1844 588
1844 492
1844 118
1844 832
1844 116
1844 664
1844 488
1844 531
1844 725
1844 1078
1845 805
1846 1074
1847 330
1848 670
1849 516
1850 308
1851 787
1851 277
1852 1119
1853 1045
1854 759
1855 153
1856 667
1857 58
1858 499
1859 698
1860 1100
1861 1096
1861 125
1861 935
1861 134
1862 1082
1863 503
1864 669
1865 939
1866 1147
1867 848
1868 769
1869 1074
1870 286
1871 956
1872 262
1873 765
1873 706
1874 729
1874 876
1875 806
1876 391
1877 628
1878 69
1878 1086
1879 1172
1880 1101
1881 38
1881 1097
1881 875
1881 1027
1881 361
1882 251
1883 680
1884 876
1885 627
1886 619
1887 965
1888 1034
1889 678
1890 1116
1891 876
1892 512
1892 843
1892 281
1892 193
1893 619
1893 148
1894 217
1894 323
1894 249
1895 1098
1896 923
1897 1161
1898 921
1899 352
1900 311
1901 148
1902 256
1903 153
1904 153
1904 987
1904 442
1904 562
1904 277
1904 1129
1904 447
1904 1024
1904 707
1904 890
1904 148
1905 535
1906 978
1907 489
1908 187
1909 1
1910 619
1911 394
1911 942
1912 146
1913 218
1914 77
1914 226
1915 1006
1915 434
1916 529
1917 1119
1918 66
1919 148
1920 330
1921 504
1921 248
1922 101
1923 1158
1924 547
1925 783
1926 173
1927 237
1928 1086
1929 58
1930 1169
1931 330
1932 330
1933 375
1934 307
1935 876
1935 148
1936 1094
1937 293
1938 868
1939 279
1940 466
1941 811
1942 682
1943 627
1944 392
1944 472
1945 467
1946 325
1946 507
1947 922
1948 150
1949 545
1950 763
1950 328
1951 1003
1951 279
1951 1128
1951 178
1951 859
1951 993
1951 916
1951 570
1952 865
1953 1100
1954 356
1954 667
1955 424
1955 1071
1955 446
1955 678
1956 848
1957 401
1958 755
1959 806
1960 722
1961 299
1962 409
1962 573
1963 1169
1963 126
1963 573
1963 104
1963 75
1964 1160
1965 806
1966 248
1967 865
1967 71
1968 967
1969 317
1970 307
1971 307
1972 1084
1973 307
1974 661
1975 244
1976 630
1976 1074
1977 876
1978 1003
1979 843
1980 627
1981 1131
1982 821
1983 780
1984 442
1985 1144
1986 881
1986 222
1986 745
1987 188
1988 698
1989 596
1990 214
1991 458
1992 939
1993 983
1994 643
1995 545
1996 624
1997 518
1998 311
1998 830
1999 27
2000 698
2001 887
2002 1094
2003 127
2004 859
2004 841
2005 1094
2006 339
2007 88
2008 488
2009 1074
2010 731
2011 295
2012 643
2013 934
2014 272
2014 163
2014 725
2015 940
2016 249
2017 776
2018 729
2019 699
2020 375
2021 865
2022 120
2022 499
2023 700
2024 1074
2025 71
2026 557
2027 843
2028 1100
2029 1100
2030 330
2031 865
2032 794
2033 156
2034 36
2034 993
2035 888
2035 643
2036 409
2037 931
2038 871
2039 875
2040 997
2041 837
2042 265
2042 688
2043 111
2044 249
2045 957
2045 577
2045 771
2045 749
2045 954
2045 296
2045 162
2045 349
2045 901
2045 1139
2045 756
2046 729
2047 488
2048 1145
2049 1024
2050 848
2051 15
2052 293
2053 1112
2054 124
2055 330
2056 1049
2057 1100
2058 922
2059 1100
2060 581
2061 939
2062 983
2063 363
2064 633
2065 311
2066 1156
2067 474
2067 330
2068 686
2069 186
2069 960
2070 661
2071 661
2072 1059
2073 894
2074 199
2075 354
2075 94
2076 51
2077 22
2078 644
2079 698
2080 586
2081 389
2082 864
2083 163
2084 330
2085 1100
2086 683
2087 325
2088 513
2089 698
2090 1100
2090 761
2091 971
2091 252
2091 832
2091 71
2092 1085
2093 698
2094 1134
2094 287
2094 464
2094 164
2095 153
2096 329
2097 916
2098 1119
2099 614
2100 19
2101 182
2102 304
2102 670
2102 1126
2102 522
2102 710
2103 879
2104 589
2104 642
2105 1100
2106 698
2107 850
2107 669
2107 1084
2107 266
2107 616
2108 971
2109 934
2110 124
2111 799
2112 875
2113 1125
2114 1094
2115 670
2116 944
2117 607
2118 777
2119 1100
2120 1055
2120 466
2121 939
2122 605
2123 330
2123 879
2124 503
2125 627
2125 308
2126 1172
2127 129
2128 461
2129 72
2130 881
2130 1116
2130 1103
2130 787
2131 221
2132 660
2133 1066
2134 660
2135 660
2136 264
2137 79
2138 507
2139 1111
2140 328
2141 102
2141 501
2141 1165
2141 210
2142 799
2143 865
2144 698
2145 1058
2146 660
2147 504
2147 499
2148 660
2149 443
2150 991
2151 643
2152 516
2152 443
2153 627
2154 948
2155 1096
2156 338
2157 1045
2158 949
2159 1007
2160 153
2161 330
2162 375
2163 142
2164 691
2165 993
2166 90
2167 660
2168 330
2169 679
2170 1170
2170 340
2171 329
2172 953
2172 283
2172 542
2173 627
2174 341
2175 1050
2175 786
2175 248
2176 350
2177 297
2178 314
2179 990
2179 992
2180 1033
2180 394
2180 667
2180 677
2180 377
2180 912
2181 225
2182 314
2183 972
2184 955
2185 302
2186 424
2187 430
2188 611
2188 1075
2189 359
2190 806
2191 493
2192 901
2192 150
2193 1089
2194 1100
2195 1131
2196 1119
2196 406
2197 880
2198 875
2199 821
2199 130
2199 228
2199 72
2199 85
2199 118
2199 187
2199 324
2199 535
2199 868
2199 1144
2199 575
2199 1045
2199 450
2199 482
2200 650
2201 599
2202 330
2203 204
2204 190
2204 293
2204 1114
2204 332
2205 956
2206 935
2207 651
2208 838
2208 331
2209 874
2210 669
2211 811
2212 871
2213 214
2214 1151
2215 1117
2215 327
2215 212
2215 43
2215 798
2215 1094
2216 859
2217 117
2217 513
2217 436
2218 330
2219 329
2220 329
2221 1119
2221 131
2221 997
2222 499
2223 469
2224 1094
2225 978
2226 712
2227 1087
2228 111
2229 806
2230 607
2231 1146
2232 171
2232 731
2232 488
2232 97
2232 1094
2232 753
2232 875
2232 520
2232 811
2232 568
2233 455
2234 330
2235 1024
2236 905
2237 1100
2238 1039
2238 1110
2239 148
2240 290
2241 1045
2242 909
2243 371
2244 430
2245 870
2246 301
2247 791
2247 1151
2247 703
2247 805
2247 49
2247 510
2247 770
2247 632
2247 554
2247 29
2247 62
2248 805
2249 153
2250 865
2250 43
2251 992
2252 132
2253 129
2254 1012
2255 160
2255 167
2256 424
2256 221
2257 512
2258 1010
2259 311
2259 645
2260 998
2261 154
2261 338
2262 278
2262 217
2262 72
2263 923
2264 279
2264 786
2264 648
2264 310
2264 1161
2264 297
2264 267
2264 977
2264 346
2264 480
2264 810
2264 845
2265 876
2266 1089
2267 1082
2268 716
2268 391
2269 1129
2270 766
2270 716
2270 142
2271 1002
2272 204
2273 82
2273 1126
2273 721
2273 385
2273 677
2273 401
2273 657
2273 1107
2274 311
2274 498
2275 221
2275 422
2275 465
2275 284
2276 949
2277 1007
2278 698
2279 247
2280 562
2281 831
2282 142
2283 733
2283 718
2283 871
2284 1100
2284 252
2284 732
2284 1021
2284 889
2284 1095
2284 860
2285 1089
2286 890
2287 498
2288 285
2289 923
2290 394
2291 228
2292 1067
2292 50
2292 924
2292 949
2292 282
2292 983
2293 1062
2294 53
2295 1144
2296 731
2296 148
2297 627
2298 330
2299 579
2300 1172
2300 872
2301 504
2301 512
2302 1084
2303 611
2303 870
2304 342
2305 687
2306 330
2307 843
2308 83
2309 678
2310 309
2311 698
2312 1171
2313 1106
2314 479
2315 1175
2316 500
2317 716
2318 1016
2319 806
2320 865
2321 997
2322 1143
2323 127
2324 330
2325 500
2326 799
2327 323
2328 121
2329 1100
2330 843
2331 698
2332 881
2333 1044
2334 1135
2335 851
2335 835
2335 853
2335 743
2335 847
2335 824
2336 643
2337 669
2338 1135
2339 359
2339 366
2339 1011
2340 1024
2341 506
2342 1096
2342 990
2342 953
2342 203
2342 921
2342 525
2342 43
2342 464
2342 15
2342 913
2342 1119
2342 975
2342 1114
2343 1155
2344 922
2345 611
2346 1144
2347 322
2347 268
2348 168
2349 367
2350 846
2351 562
2352 698
2353 252
2354 876
2355 1171
2355 178
2355 915
2356 22
2357 598
2358 1061
2359 617
2360 1033
2360 341
2360 883
2360 990
2360 1130
2360 1097
2360 1037
2360 819
2360 859
2360 10
2360 376
2360 491
2360 836
2360 295
2360 902
2360 992
2360 361
2361 570
2362 1
2363 943
2364 1117
2364 200
2364 249
2364 456
2364 859
2364 797
2364 225
2364 422
2365 161
2366 1024
2367 51
2368 352
2368 888
2368 622
2369 469
2369 148
2369 45
2370 1024
2371 934
2372 582
2373 279
2373 178
2374 498
2375 1017
2375 922
2375 235
2375 415
2375 232
2375 283
2375 1161
2375 377
2375 327
2375 761
2375 732
2375 353
2375 266
2375 692
2375 1073
2375 367
2376 488
2377 51
2378 865
2378 1098
2379 289
2379 797
2380 680
2381 910
2382 220
2382 424
2383 604
2384 1084
2385 43
2385 181
2386 949
2387 369
2388 1120
2389 1094
2390 1086
2391 638
2392 680
2392 964
2393 195
2393 363
2393 134
2394 1100
2394 11
2395 934
2396 653
2396 513
2397 111
2398 305
2399 129
2400 1117
2401 684
2402 619
2403 314
2404 716
2405 682
2405 125
2405 523
2406 1007
2407 1136
2408 729
2409 148
2410 28
2411 698
2412 264
2413 733
2414 60
2415 216
2416 143
2417 884
2417 350
2418 947
2419 1079
2420 591
2421 680
2421 724
2421 135
2422 912
2423 638
2424 384
2425 444
2426 342
2427 525
2427 997
2428 1088
2429 1018
2430 1100
2431 840
2432 473
2432 26
2433 924
2434 977
2435 821
2436 51
2436 214
2437 908
2438 944
2439 806
2440 716
2441 1094
2442 1080
2443 513
2443 122
2444 360
2445 661
2446 716
2447 5
2448 424
2448 289
2448 368
2449 142
2450 804
2451 23
2451 545
2451 454
2452 660
2453 516
2453 330
2454 1019
2454 985
2454 279
2454 369
2454 786
2454 310
2454 351
2454 857
2454 1094
2454 496
2454 72
2454 346
2454 643
2454 395
2454 424
2454 221
2454 760
2454 975
2454 148
2455 1119
2456 966
2457 777
2458 1007
2459 163
2460 660
2461 1159
2462 660
2463 1094
2463 148
2464 838
2465 426
2466 944
2467 698
2467 983
2468 148
2469 409
2470 848
2470 545
2470 464
2471 698
2472 545
2473 317
2474 806
2475 1029
2476 1054
2477 843
2478 150
2479 768
2480 169
2480 991
2480 465
2481 249
2482 929
2483 51
2484 1100
2484 173
2485 439
2486 944
2487 102
2488 56
2489 804
2490 506
2491 330
2492 1024
2493 408
2494 934
2495 596
2496 627
2497 806
2498 972
2498 228
2499 985
2499 66
2500 687
2500 1033
2500 1035
2500 138
2500 339
2500 1099
2500 955
2500 7
2500 949
2500 10
2500 831
2500 557
2500 892
2500 345
2500 826
2500 327
2500 626
2500 18
2500 803
2500 219
2500 1114
2500 334
2500 266
2500 635
2500 924
2500 442
2500 855
2500 857
2500 707
2500 107
2500 980
2500 773
2500 973
2501 204
2502 444
2503 307
2504 1101
2505 794
2506 627
2507 307
2508 307
2509 67
2510 723
2511 5
2511 602
2511 691
2512 944
2512 607
2513 862
2514 147
2515 268
2516 1046
2517 1176
2518 976
2519 5
2520 962
2521 1100
2521 190
2522 997
2523 288
2523 848
2523 615
2523 972
2523 296
2523 556
2523 330
2524 986
2524 442
2524 189
2524 161
2524 436
2524 165
2524 319
2524 105
2525 868
2526 307
2527 661
2528 307
2529 307
2530 118
2531 307
2532 228
2533 254
2534 111
2535 805
2536 815
2536 1046
2537 104
2538 1
2539 1086
2540 1159
2541 855
2541 229
2542 312
2543 1067
2543 1042
2544 923
2545 507
2545 386
2546 307
2547 1149
2548 982
2549 97
2550 853
2550 939
2550 1144
2550 88
2551 888
2552 1173
2553 1173
2553 213
2554 925
2555 221
2556 864
2556 148
2556 896
2557 338
2558 891
2559 171
2559 716
2560 409
2561 279
2562 806
2563 342
