1
3
42
225
228
557
573
975
976
984
1122
1129
1177
1360
1492
1753
1930
2053
2217
2477
2516
2760
2761
2764
2797
2798
2803
2882
2948
3058
3420
3604
3858
3907
3944
4131
4140
4238
4523
4711
4738
4927
4928
4983
4994
5032
5489
5646
6295
6335
6337
6345
6346
6348
6386
6393
6401
6668
6757
6758
6839
6840
6841
6948
7009
7149
7441
7567
7593
7638
7748
7816
7984
8008
8011
8023
8026
8118
8249
8525
8543
8582
8590
8692
8724
8731
8738
8820
9112
9133
9138
9148
9243
9244
9246
9248
9249
9255
9263
9264
9265
9268
9276
9284
9286
9292
9293
9299
9302
9358
9562
10076
10082
10098
10141
10142
10500
10600
10808
10954
10966
10980
11161
11236
11298
11567
11575
11579
11626
11742
11789
11992
12124
12258
12322
12695
12698
12699
12707
12840
12968
13255
13282
13341
13344
13565
13567
13579
13595
13628
13814
13818
14398
14401
14688
14714
14934
14941
14942
14951
15055
15145
15218
15419
15687
15806
16336
16338
16474
16627
16709
16752
16772
16850
16893
16918
17249
17322
17325
17829
18208
18374
18424
18772
18877
18939
18941
19027
19089
19146
19272
19281
19305
19316
19336
19459
19701
19751
19752
20009
20014
20026
20030
20033
20034
20035
20036
20038
20042
20043
20044
20045
20518
20531
20540
20561
20566
20739
21203
22127
22473
22525
22616
22682
22802
22994
23132
23217
23460
23670
23781
24028
24059
24103
24169
24229
24314
24391
24449
24460
24632
24634
24637
24657
24690
24717
24718
24741
25003
25104
25469
25807
25809
25830
25894
25912
25914
25945
26100
26299
26393
26776
26779
26787
26794
26802
26910
26967
27092
27170
27319
27620
27765
27766
27780
28102
28311
28397
28599
28645
28897
29075
29255
29343
29370
29697
29779
30290
30312
30711
30714
30761
31109
31408
31434
31448
31511
31592
31677
31768
32276
32407
32424
32428
32535
32722
33045
33104
33144
33166
33266
34074
34101
34184
34343
34568
35515
35991
35992
36165
36166
36277
36377
36400
36482
36761
36783
36831
36970
36971
37015
37090
37104
37109
37114
37135
37316
37332
37413
37416
37425
37530
37562
37589
37598
37601
37605
37610
37675
37809
37959
38364
38381
38411
38534
38578
38708
38966
39001
39061
39071
39302
39374
39803
39868
39995
40039
40085
40095
40096
40098
40258
40355
40366
40367
40379
40429
40461
40470
40490
40961
41019
41085
41132
41174
41206
41264
41320
41346
41381
41391
41427
41510
41784
41836
41838
41846
41856
41864
42281
42468
42486
42519
42542
42555
42571
42619
42620
42625
42729
43171
43398
43490
43535
43637
43761
43770
43809
43846
43859
43869
43956
44075
44084
44401
44489
44620
44800
45483
45664
45826
45906
46061
46639
47148
47155
47771
47801
48434
48845
48929
48936
48967
48977
49085
49087
49154
49262
49291
49301
49303
49304
49312
49313
49317
49322
49327
49331
49333
49335
49523
49526
49552
49610
49995
49997
50066
50372
50573
50584
50640
50699
51116
51119
51126
51132
51162
51802
52743
52888
52889
53047
53182
53183
53203
53239
53259
53270
53381
53469
53530
53752
53847
53994
54017
54025
54027
54029
54032
54033
54043
54279
54287
54288
54456
54573
54580
54654
55069
55071
55103
55108
55174
55259
55373
55716
55746
55797
55884
55907
55974
56209
56231
56463
56614
57080
57109
57254
57730
57757
57967
58121
58130
58165
58682
59143
59165
59177
59181
59335
59409
59474
59501
59644
59808
59834
59993
60003
60183
60235
60556
60807
60947
61097
61169
61249
61388
61624
61678
61724
61797
61935
62142
62159
62428
62632
62960
63142
63154
63156
63171
63279
63557
63574
63658
63774
63785
63809
63810
63856
63858
63886
63888
63906
63940
64011
64131
64148
64163
64206
64207
64295
64516
64539
64571
65331
65645
65945
66113
66268
66432
66443
66855
67051
67104
67109
67119
67192
67211
67612
68117
68473
68796
68864
68961
68963
68991
69015
69110
69375
69775
69781
70466
70474
70928
70938
70954
71000
71135
71383
71427
71442
71619
71743
71796
71952
71975
72099
72131
72209
72426
72443
72471
72487
72565
72566
72737
72793
72794
72797
72799
72806
72811
72837
72849
72859
72860
72863
72870
72883
73273
73467
73509
73510
73538
73903
73945
73981
74001
74365
74950
74951
74953
74983
75014
75273
75314
75352
75465
75558
75622
75747
75751
75754
75871
76310
76311
76312
76313
76326
76482
76534
77242
77364
77401
77486
77500
77728
77933
78074
78218
78239
78354
78431
78580
78862
78897
78910
78939
78965
78970
79061
79113
79120
79176
79200
79655
79657
79787
80461
80599
80643
80671
80698
80810
80819
80827
80828
80833
80835
80840
80845
80894
81002
81011
81177
81410
81676
81903
82261
82282
82458
82507
82591
83208
83210
83301
83315
83480
83482
83483
83550
83647
83649
83768
84109
84130
84238
84243
84280
85133
85340
85369
85370
85463
86589
86607
86747
86807
86813
86875
86908
87315
87419
87425
87819
87853
88413
88427
88462
88492
88533
88737
88750
88793
88807
88814
88956
89176
89244
89246
89254
89255
89264
89266
89281
89430
89601
89822
89844
89873
89882
89937
89943
89969
89988
90007
90020
90024
90099
90166
90190
90217
90367
90486
90525
91018
91269
91271
91305
91307
91308
91317
91582
91861
92058
92229
92731
93012
93028
93162
93165
93175
93183
93212
93307
93331
93374
93417
93436
93438
93490
93591
93645
93756
93961
94042
94047
94071
94163
94165
94177
94208
94444
94693
94703
94753
95243
95469
95510
95511
95680
95708
95709
95712
95714
95796
95832
95874
95894
95897
96025
96026
96027
96028
96033
96035
96037
96038
96045
96049
96051
96055
96061
96063
96067
96077
96079
96080
96086
96091
96094
96102
96103
96138
96141
96145
96146
96379
96519
96640
96665
96709
96735
96738
96750
96793
96804
96815
96896
97487
97685
98130
98320
98355
98398
98526
98542
98700
98703
98716
98879
99002
99004
99039
99071
99094
99130
99338
99644
99925
99926
99969
100119
100202
100203
100333
100462
100532
100573
100626
101490
101590
101591
101635
101705
101715
102115
102228
102472
102534
103131
103225
103277
103488
103517
103954
104168
104215
104240
104258
104262
104314
104473
104511
104548
104555
104556
104558
104562
104563
104573
104574
104578
104621
104686
104713
104814
104971
105119
105198
105220
105224
105240
105254
105255
105259
105554
105730
105768
106029
106059
106449
106504
106593
106676
106710
106821
106861
106868
106964
106974
107147
107176
107204
107209
107212
107214
107218
107224
107225
107227
107240
107259
107327
107518
107812
107818
107835
107862
107903
107958
108001
108275
108338
108399
108712
108865
109019
109048
109286
109293
109359
109411
109431
109446
109455
109460
109466
109480
109508
109510
109511
109512
109513
109516
109518
109520
109521
109532
109536
109548
109551
109552
109553
110450
110485
110517
110572
110586
110602
111013
111139
111149
111156
111159
111219
111251
111299
111308
111311
111314
111514
111549
111683
111717
111718
112038
112137
112610
112633
112636
113111
113328
113758
114005
114359
114476
114537
114728
114794
114828
114829
114960
115159
115189
115514
115580
115727
115826
115835
115860
116150
116215
116286
116489
116501
116504
116516
116523
116524
116543
116582
116631
117192
117211
117228
117324
117536
117595
117601
117623
117626
118337
118487
118520
118576
118591
118597
118684
118741
118758
119239
119292
119329
119336
119356
120112
120580
120868
120908
120910
121119
121675
121755
122275
122282
122506
122510
122513
122515
122538
122541
122580
122606
122939
123060
123090
123162
123172
123641
123650
123667
123759
123815
123825
123838
123843
124034
124924
124928
124943
125136
125149
125178
125209
125213
125214
125241
125242
125243
125280
125661
126070
126257
126350
126352
126421
126587
126641
127116
127118
127242
127258
127322
127366
127610
127762
128235
128236
128237
128241
128248
128249
128251
128252
128276
128402
128805
128890
129227
129284
129390
129407
129511
129579
129747
129907
130048
130104
130156
130174
130868
130906
130926
131044
131065
131071
131084
131108
131265
131361
131414
131471
131485
131535
131898
131971
132101
132180
132317
132511
132575
132784
133198
133437
133460
133542
133563
133608
134247
134268
134339
134472
134690
134984
135010
135112
135440
135485
135538
135607
135666
135958
135961
136004
136047
136294
136317
136887
137142
137193
137221
137406
137407
137410
137503
137540
138322
138484
138672
138773
138947
138993
139031
139190
139217
139232
139443
139691
139919
140006
140062
140071
140132
140354
140593
140775
140880
141076
141171
141194
141262
141284
141286
141341
141393
141402
141418
141435
141441
141443
141592
141597
141682
141853
142110
142154
142546
142547
142548
143091
143211
143337
143709
143809
143829
143855
144236
144502
144547
144548
144550
144650
144651
144794
145209
145260
145648
145816
145947
145959
145997
146378
146381
146479
146518
146587
146599
146641
146700
146727
146733
146734
146736
146737
146738
146739
146740
146741
146742
146743
146744
146745
146746
146747
146748
146749
146753
146762
146770
146936
147045
147074
147437
147438
147550
147739
147814
147834
147882
147891
148087
148278
148313
148315
148362
148531
148644
148730
148752
148998
149120
149123
149380
149386
149399
149406
149416
149432
149434
149435
149449
149470
149476
149484
149488
149490
149621
150158
150323
150326
150348
150427
150430
150434
150435
150442
150448
150456
150498
150506
150516
150892
151124
151281
151345
151395
151438
151439
151505
151627
151846
151863
151950
152137
152151
152169
152188
152215
152318
152651
152747
152766
152860
152971
153026
153028
153054
153129
153134
153268
153356
153388
153733
153771
153772
153773
153778
154112
154127
154177
154303
154340
154390
154416
154561
154584
155087
155302
155318
155338
155393
155701
155726
155986
156005
156234
156456
156729
156794
156800
156802
156807
156810
156813
156821
156823
156827
156832
156838
156840
157382
157383
157384
157387
157389
157402
157403
157479
157494
157512
157774
157839
157840
157996
158132
158163
158164
158166
158378
158539
158585
158609
158789
158834
158835
158883
158996
159003
159030
159049
159099
159142
159285
159398
159506
159545
159777
159954
159990
160160
160162
160163
160168
160175
160184
160336
160430
160431
160512
160821
161254
161353
161696
162138
162168
162182
162203
162208
162226
162250
162571
162632
162651
162723
163012
163050
163229
163335
