      1 1
      1 2
      2 3
      3 4
      3 5
      1 6
      2 7
      1 8
      1 9
      1 10
      2 11
      1 12
      1 13
      1 14
      1 15
      1 16
      1 17
      7 18
      2 19
      1 20
      1 21
      1 22
      1 23
      3 24
      1 25
      1 26
      1 27
      1 28
      1 29
      1 30
     25 31
      1 32
     49 33
     97 34
      1 35
      9 36
      2 37
      8 38
     18 39
     16 40
      1 41
      1 42
      5 43
      2 44
      1 45
      1 46
      1 47
      1 48
      1 49
      1 50
      1 51
      1 52
      4 53
      1 54
      1 55
      1 56
      1 57
      1 58
      1 59
      2 60
      1 61
      1 62
      1 63
      1 64
      1 65
      1 66
      1 67
      1 68
      1 69
      1 70
      1 71
      1 72
      2 73
      1 74
      2 75
      1 76
      2 77
      1 78
      2 79
      1 80
      1 81
      1 82
      1 83
      1 84
      2 85
      5 86
      1 87
      1 88
     15 89
     38 90
      1 91
      1 92
      1 93
      1 94
      1 95
      1 96
      1 97
      1 98
      3 99
      4 100
      1 101
      1 102
      1 103
      1 104
      1 105
      1 106
      1 107
      1 108
      1 109
      1 110
      1 111
      2 112
      1 113
      1 114
      1 115
      1 116
      1 117
      1 118
      1 119
      7 120
      1 121
      1 122
      1 123
      1 124
      1 125
      1 126
      1 127
      1 128
      1 129
      1 130
      2 131
      1 132
      1 133
      2 134
      1 135
      1 136
      1 137
      1 138
      1 139
      2 140
      1 141
      1 142
      3 143
      1 144
      1 145
      1 146
      1 147
     24 148
      1 149
      1 150
      1 151
      1 152
      1 153
      1 154
      1 155
      1 156
      1 157
      5 158
      1 159
      1 160
      2 161
      1 162
      1 163
      1 164
      2 165
      1 166
      1 167
      1 168
      1 169
     21 170
      1 171
      1 172
      1 173
      1 174
      2 175
      1 176
      1 177
      1 178
      1 179
      3 180
      1 181
      1 182
      2 183
      1 184
      2 185
      2 186
      1 187
     13 188
      1 189
      1 190
      1 191
      1 192
      1 193
      1 194
      3 195
      1 196
      2 197
      3 198
      1 199
      1 200
      3 201
      1 202
      1 203
      1 204
      1 205
      1 206
      1 207
      1 208
      1 209
      2 210
      1 211
      4 212
      1 213
      1 214
      3 215
      1 216
      1 217
      1 218
      1 219
      1 220
      1 221
      1 222
      1 223
      1 224
      1 225
      1 226
      1 227
      1 228
      1 229
      1 230
      1 231
      1 232
      1 233
      1 234
      1 235
      4 236
      1 237
      1 238
      2 239
      1 240
      1 241
      1 242
      1 243
      3 244
      1 245
      1 246
      1 247
      1 248
      4 249
      1 250
      1 251
      1 252
      1 253
      1 254
      1 255
      1 256
      1 257
      1 258
      1 259
      2 260
      1 261
      1 262
      1 263
      1 264
      1 265
      1 266
      1 267
      1 268
      1 269
      1 270
      1 271
      1 272
      1 273
      1 274
      1 275
      1 276
      1 277
      1 278
      1 279
      1 280
      1 281
      1 282
      2 283
      6 284
      1 285
      1 286
      1 287
      1 288
      1 289
      1 290
      1 291
      1 292
      1 293
      1 294
      1 295
      1 296
      2 297
      1 298
      3 299
      2 300
      2 301
      2 302
      1 303
      6 304
      1 305
      2 306
      1 307
      1 308
      1 309
      1 310
      2 311
      1 312
      1 313
      1 314
      1 315
      2 316
      1 317
      1 318
      1 319
      1 320
      1 321
      2 322
    210 323
      1 324
      4 325
      1 326
      1 327
      1 328
      1 329
     10 330
      1 331
     25 332
      1 333
      1 334
      1 335
      1 336
      1 337
      1 338
      1 339
      1 340
      1 341
      1 342
      2 343
      4 344
      1 345
      1 346
      1 347
      1 348
      1 349
      1 350
      1 351
      1 352
      1 353
      1 354
      1 355
      1 356
      1 357
      1 358
      1 359
      2 360
      1 361
      1 362
      2 363
      1 364
      1 365
      1 366
      1 367
      1 368
      1 369
      1 370
      1 371
      1 372
      2 373
      1 374
      1 375
      1 376
      1 377
      1 378
      1 379
      3 380
      2 381
      1 382
      1 383
      1 384
      1 385
     10 386
      1 387
      1 388
      1 389
      1 390
      1 391
      1 392
      1 393
      5 394
      1 395
      1 396
      1 397
      1 398
      2 399
      1 400
      5 401
      1 402
      1 403
      1 404
      1 405
      1 406
      1 407
     14 408
      1 409
      2 410
      1 411
      1 412
      1 413
      1 414
      1 415
      1 416
     24 417
      1 418
      1 419
      1 420
      1 421
      1 422
      3 423
      1 424
      1 425
      1 426
      1 427
      1 428
      2 429
      1 430
      1 431
      1 432
      1 433
      1 434
      1 435
      1 436
      1 437
      1 438
      1 439
      1 440
      1 441
      3 442
      1 443
      1 444
      1 445
      1 446
      1 447
      1 448
      1 449
      1 450
      1 451
      1 452
      1 453
      1 454
      1 455
      1 456
      1 457
      1 458
      1 459
      1 460
      1 461
      1 462
      1 463
      1 464
      1 465
      1 466
      1 467
      1 468
      1 469
      1 470
      1 471
      1 472
      1 473
      1 474
      1 475
      1 476
      1 477
      1 478
      1 479
      1 480
      1 481
      1 482
      1 483
      1 484
      1 485
      1 486
      1 487
      1 488
      1 489
      1 490
      1 491
      1 492
      1 493
      1 494
      1 495
      1 496
      1 497
      1 498
      1 499
      1 500
      1 501
      1 502
      2 503
      1 504
      1 505
      1 506
      1 507
      1 508
      1 509
      2 510
      1 511
      2 512
      3 513
      1 514
      1 515
      1 516
      1 517
      1 518
      1 519
      1 520
      2 521
      1 522
      1 523
      1 524
      1 525
      1 526
      1 527
      1 528
      1 529
      1 530
      1 531
      5 532
      1 533
      1 534
      1 535
      1 536
      1 537
      1 538
      1 539
      1 540
      1 541
      1 542
      1 543
      1 544
      1 545
      1 546
      1 547
      1 548
      1 549
      1 550
      1 551
      1 552
      1 553
      1 554
      1 555
      1 556
      1 557
      7 558
      1 559
      1 560
      1 561
      1 562
      1 563
      1 564
      1 565
      1 566
      1 567
      1 568
      1 569
      1 570
      7 571
      1 572
      1 573
      1 574
      1 575
      1 576
      1 577
      1 578
      1 579
      1 580
      1 581
      1 582
      6 583
      1 584
      2 585
      1 586
      1 587
      1 588
      1 589
      1 590
      1 591
      1 592
     27 593
      1 594
      1 595
      1 596
      1 597
      1 598
      1 599
      1 600
      2 601
      1 602
      1 603
      1 604
      1 605
      1 606
      1 607
      1 608
      1 609
      1 610
      1 611
      1 612
      1 613
      5 614
      1 615
      1 616
      1 617
      3 618
      3 619
      1 620
      1 621
      8 622
      2 623
      1 624
      1 625
      1 626
      8 627
      1 628
      1 629
      1 630
      1 631
      1 632
      2 633
      1 634
      1 635
      2 636
      1 637
      1 638
      1 639
      1 640
      2 641
      7 642
      1 643
      1 644
      1 645
      1 646
      1 647
      1 648
      1 649
      1 650
      1 651
      1 652
      1 653
      1 654
      1 655
      1 656
      3 657
      1 658
      1 659
      1 660
      1 661
      1 662
      1 663
      1 664
      1 665
      1 666
      1 667
      1 668
      1 669
      2 670
      1 671
      2 672
      1 673
      1 674
      2 675
      1 676
      2 677
      1 678
      1 679
      1 680
      1 681
      1 682
      1 683
      6 684
      1 685
      1 686
      1 687
      1 688
      2 689
      5 690
      1 691
      1 692
      1 693
      1 694
      1 695
      1 696
      1 697
      7 698
      1 699
      2 700
      1 701
      1 702
      1 703
      1 704
      1 705
      1 706
      1 707
      1 708
      1 709
      1 710
      1 711
      1 712
      1 713
      1 714
      1 715
      1 716
      1 717
      1 718
      1 719
      1 720
      1 721
      1 722
      1 723
      1 724
      1 725
      1 726
      1 727
      1 728
      1 729
      1 730
      1 731
      1 732
      1 733
      1 734
      1 735
      1 736
      1 737
      1 738
      1 739
      2 740
      1 741
      1 742
      1 743
      1 744
      1 745
      1 746
      1 747
      2 748
      1 749
      1 750
      1 751
      3 752
      1 753
      1 754
      1 755
      1 756
      1 757
      1 758
      1 759
      3 760
      1 761
      1 762
      1 763
      1 764
      1 765
      1 766
      1 767
      1 768
      1 769
      2 770
      1 771
      1 772
      1 773
      1 774
      1 775
      1 776
      1 777
      1 778
      4 779
      1 780
      1 781
      1 782
      1 783
      1 784
      1 785
      1 786
      1 787
      1 788
      1 789
      5 790
      1 791
      1 792
      1 793
      2 794
      1 795
      1 796
      2 797
      1 798
      1 799
      1 800
      1 801
      1 802
      1 803
      1 804
     13 805
      1 806
      1 807
      1 808
      1 809
      1 810
      1 811
      1 812
      1 813
      1 814
      1 815
      1 816
      1 817
      1 818
      2 819
      1 820
      1 821
      1 822
      1 823
      1 824
      8 825
      8 826
      1 827
      1 828
      1 829
      1 830
      1 831
      1 832
      1 833
      1 834
      1 835
      3 836
      1 837
      1 838
      1 839
      1 840
      1 841
      1 842
      1 843
      5 844
      1 845
      1 846
      1 847
      2 848
      1 849
      1 850
      1 851
      1 852
      1 853
      1 854
      1 855
      1 856
      8 857
      1 858
      1 859
      1 860
      1 861
      1 862
      1 863
      1 864
      1 865
      4 866
      1 867
      1 868
      1 869
      1 870
      1 871
      1 872
      1 873
      1 874
      1 875
      7 876
      1 877
      1 878
      6 879
      1 880
      1 881
      1 882
      1 883
      1 884
      1 885
      1 886
      1 887
      1 888
      1 889
      1 890
      1 891
      2 892
      1 893
      1 894
      1 895
      1 896
      1 897
      1 898
      1 899
      1 900
      1 901
      1 902
      1 903
      1 904
      1 905
      1 906
      1 907
      1 908
      1 909
      1 910
      1 911
      1 912
      1 913
      1 914
      2 915
      3 916
      1 917
      1 918
      1 919
      1 920
      1 921
      1 922
      2 923
      1 924
      1 925
      3 926
      1 927
      1 928
      1 929
      1 930
      1 931
      3 932
      4 933
      1 934
      1 935
      2 936
      1 937
      1 938
      1 939
      1 940
      1 941
      1 942
      1 943
      1 944
      1 945
      1 946
      1 947
      3 948
      3 949
      1 950
      1 951
      1 952
      1 953
      1 954
      1 955
      1 956
      3 957
      1 958
      1 959
      1 960
      1 961
      1 962
      1 963
      1 964
      1 965
      1 966
      1 967
      2 968
      8 969
      1 970
      1 971
      2 972
      1 973
      1 974
      2 975
      2 976
      1 977
      1 978
      2 979
      1 980
      1 981
      1 982
      1 983
      2 984
      1 985
      1 986
      2 987
      2 988
      1 989
      3 990
      1 991
      2 992
      1 993
      1 994
      1 995
      4 996
      1 997
      1 998
      2 999
      1 1000
      4 1001
      2 1002
      1 1003
      1 1004
      1 1005
      1 1006
      1 1007
      1 1008
      1 1009
     14 1010
      1 1011
      1 1012
      2 1013
      1 1014
      8 1015
      1 1016
      8 1017
      2 1018
      1 1019
      1 1020
      7 1021
      1 1022
      1 1023
      1 1024
      1 1025
      1 1026
      1 1027
      1 1028
      2 1029
      1 1030
      1 1031
      2 1032
      3 1033
      1 1034
      1 1035
      1 1036
      1 1037
      1 1038
      1 1039
      1 1040
      1 1041
      1 1042
      1 1043
      1 1044
      1 1045
      1 1046
      2 1047
      1 1048
      1 1049
      1 1050
      2 1051
      5 1052
      1 1053
      1 1054
      1 1055
      1 1056
      1 1057
      1 1058
      1 1059
      1 1060
      1 1061
      1 1062
      1 1063
      2 1064
      1 1065
      1 1066
      1 1067
      2 1068
      1 1069
      1 1070
      3 1071
      1 1072
      9 1073
      2 1074
      3 1075
      1 1076
      1 1077
      1 1078
      1 1079
      1 1080
      1 1081
      2 1082
      1 1083
      1 1084
      1 1085
      1 1086
      1 1087
      1 1088
      3 1089
      1 1090
      1 1091
      1 1092
      1 1093
      2 1094
      1 1095
      1 1096
      2 1097
      1 1098
      1 1099
      1 1100
      1 1101
      1 1102
      2 1103
      1 1104
      1 1105
      1 1106
      1 1107
      1 1108
      2 1109
      1 1110
      1 1111
      1 1112
      1 1113
      1 1114
      4 1115
      2 1116
      1 1117
      1 1118
      1 1119
      1 1120
      1 1121
      1 1122
      1 1123
      1 1124
      1 1125
      1 1126
      1 1127
      1 1128
      1 1129
      2 1130
      1 1131
      1 1132
     12 1133
      1 1134
      1 1135
      1 1136
      1 1137
      3 1138
      3 1139
      1 1140
      3 1141
      1 1142
      1 1143
      1 1144
      1 1145
      2 1146
      1 1147
      1 1148
      1 1149
      1 1150
      1 1151
      1 1152
      1 1153
      1 1154
      1 1155
      1 1156
     11 1157
      1 1158
      1 1159
      1 1160
      1 1161
      1 1162
      1 1163
      2 1164
      1 1165
      1 1166
      1 1167
      1 1168
      1 1169
      4 1170
      1 1171
      1 1172
      1 1173
      1 1174
      3 1175
      1 1176
      1 1177
      1 1178
      1 1179
      1 1180
      1 1181
      1 1182
      2 1183
      7 1184
      2 1185
      6 1186
      1 1187
      1 1188
      1 1189
      1 1190
      1 1191
      1 1192
      1 1193
      1 1194
      2 1195
      1 1196
      2 1197
      1 1198
      1 1199
      1 1200
      1 1201
      2 1202
      1 1203
      2 1204
      2 1205
      1 1206
      1 1207
      1 1208
      2 1209
      1 1210
      1 1211
      1 1212
      1 1213
      1 1214
      1 1215
      1 1216
      1 1217
      1 1218
      1 1219
      1 1220
      1 1221
      2 1222
      1 1223
      2 1224
      6 1225
      1 1226
      1 1227
      2 1228
      1 1229
      1 1230
      2 1231
      1 1232
      1 1233
      1 1234
      1 1235
      1 1236
      1 1237
      1 1238
      1 1239
      1 1240
      1 1241
      1 1242
      2 1243
      1 1244
      1 1245
      1 1246
      1 1247
      1 1248
      1 1249
      1 1250
      1 1251
      1 1252
      3 1253
      1 1254
      1 1255
      2 1256
      1 1257
      1 1258
      1 1259
      1 1260
      1 1261
      1 1262
      1 1263
      3 1264
      2 1265
      1 1266
      1 1267
      1 1268
      1 1269
      8 1270
      3 1271
      2 1272
      1 1273
      1 1274
      2 1275
      8 1276
      1 1277
      1 1278
      1 1279
      1 1280
      3 1281
      1 1282
      1 1283
      2 1284
      1 1285
      2 1286
      1 1287
      1 1288
     40 1289
      1 1290
      1 1291
      1 1292
      1 1293
      1 1294
      1 1295
      1 1296
      1 1297
      1 1298
      1 1299
      1 1300
      1 1301
      2 1302
      1 1303
      1 1304
      1 1305
      2 1306
      1 1307
      1 1308
      1 1309
      1 1310
      1 1311
      1 1312
      1 1313
      1 1314
      1 1315
      1 1316
      1 1317
      1 1318
      1 1319
      1 1320
      1 1321
      1 1322
      1 1323
      1 1324
      1 1325
      1 1326
      1 1327
      2 1328
      1 1329
      1 1330
      1 1331
      1 1332
      1 1333
      1 1334
      1 1335
      1 1336
      2 1337
      1 1338
      1 1339
      1 1340
      1 1341
      1 1342
      1 1343
      1 1344
      1 1345
      1 1346
      1 1347
      1 1348
      1 1349
      1 1350
      1 1351
      1 1352
      1 1353
      1 1354
      1 1355
      1 1356
      7 1357
      1 1358
      1 1359
      1 1360
      1 1361
      1 1362
      1 1363
      1 1364
      2 1365
      1 1366
      1 1367
      1 1368
      1 1369
      1 1370
      1 1371
      1 1372
      1 1373
      1 1374
      1 1375
      1 1376
      1 1377
     10 1378
      1 1379
      1 1380
      1 1381
      1 1382
      1 1383
      1 1384
      1 1385
      1 1386
      1 1387
      2 1388
      2 1389
      1 1390
      1 1391
      8 1392
      1 1393
      1 1394
      3 1395
      1 1396
      1 1397
      1 1398
      1 1399
      1 1400
      1 1401
      1 1402
      3 1403
      2 1404
      1 1405
      1 1406
      1 1407
      1 1408
      7 1409
      1 1410
      1 1411
      2 1412
      1 1413
      1 1414
      1 1415
      1 1416
      1 1417
      3 1418
      1 1419
      1 1420
      1 1421
      2 1422
      1 1423
      1 1424
      1 1425
      1 1426
      1 1427
      1 1428
      1 1429
      4 1430
      1 1431
      1 1432
      1 1433
      1 1434
      1 1435
      1 1436
      3 1437
      2 1438
      9 1439
      1 1440
      2 1441
      1 1442
      2 1443
      2 1444
      1 1445
      1 1446
      4 1447
      1 1448
      3 1449
      1 1450
      1 1451
      2 1452
      2 1453
      1 1454
      1 1455
      1 1456
      1 1457
      1 1458
      1 1459
      1 1460
      3 1461
      1 1462
      1 1463
      4 1464
      3 1465
      1 1466
      1 1467
      1 1468
      1 1469
      1 1470
      1 1471
      1 1472
      1 1473
      1 1474
      1 1475
      1 1476
      1 1477
      1 1478
      1 1479
      1 1480
      1 1481
      1 1482
      6 1483
      1 1484
      2 1485
      1 1486
      1 1487
     19 1488
      1 1489
      1 1490
      1 1491
      1 1492
      1 1493
      1 1494
      1 1495
      1 1496
      1 1497
      1 1498
      3 1499
      1 1500
      1 1501
      1 1502
      1 1503
      1 1504
      1 1505
      1 1506
      1 1507
      1 1508
     23 1509
      1 1510
      1 1511
     34 1512
      1 1513
      1 1514
      1 1515
      1 1516
      1 1517
      1 1518
      2 1519
      1 1520
      2 1521
      1 1522
      1 1523
      1 1524
      1 1525
      1 1526
      1 1527
      1 1528
      2 1529
      1 1530
      2 1531
      1 1532
      1 1533
      1 1534
      1 1535
      1 1536
      1 1537
      1 1538
      1 1539
      2 1540
      1 1541
      1 1542
      1 1543
      4 1544
      2 1545
      1 1546
      1 1547
      1 1548
      1 1549
      1 1550
      1 1551
      4 1552
      1 1553
      6 1554
      1 1555
      1 1556
      2 1557
      1 1558
      1 1559
      1 1560
      1 1561
      2 1562
      1 1563
      1 1564
      1 1565
      1 1566
      3 1567
      1 1568
      1 1569
      3 1570
      3 1571
      1 1572
      2 1573
      1 1574
      1 1575
      1 1576
      2 1577
      1 1578
      1 1579
      2 1580
      1 1581
      1 1582
      1 1583
      1 1584
      3 1585
      4 1586
      1 1587
      1 1588
      3 1589
      1 1590
      1 1591
      1 1592
      1 1593
      1 1594
      1 1595
      1 1596
      1 1597
      1 1598
      6 1599
      1 1600
      1 1601
      1 1602
      1 1603
      1 1604
      1 1605
     14 1606
      2 1607
      1 1608
      1 1609
      6 1610
      1 1611
      1 1612
      1 1613
      2 1614
      1 1615
      1 1616
     13 1617
      1 1618
      3 1619
      1 1620
      3 1621
      1 1622
      1 1623
      1 1624
      1 1625
      1 1626
      2 1627
      1 1628
      1 1629
      2 1630
      1 1631
      1 1632
      1 1633
      1 1634
      1 1635
      2 1636
      1 1637
      1 1638
      3 1639
      1 1640
      1 1641
      1 1642
      1 1643
      1 1644
      1 1645
      1 1646
      1 1647
      1 1648
      1 1649
      1 1650
      1 1651
      1 1652
      1 1653
      1 1654
      1 1655
      1 1656
      2 1657
      1 1658
      1 1659
      1 1660
      1 1661
      1 1662
      1 1663
      2 1664
      2 1665
      1 1666
      3 1667
      2 1668
      1 1669
      1 1670
      1 1671
      1 1672
      1 1673
      2 1674
      1 1675
      1 1676
      1 1677
      1 1678
      1 1679
      3 1680
      8 1681
      1 1682
      3 1683
      1 1684
      1 1685
      1 1686
      1 1687
      1 1688
      1 1689
      1 1690
      1 1691
      1 1692
      1 1693
      1 1694
      1 1695
      1 1696
      5 1697
      1 1698
      1 1699
      1 1700
      1 1701
      1 1702
      2 1703
      1 1704
      2 1705
      1 1706
     11 1707
      1 1708
      2 1709
      1 1710
      1 1711
      1 1712
      1 1713
      1 1714
      1 1715
      1 1716
      1 1717
      5 1718
      1 1719
      1 1720
      2 1721
      1 1722
     17 1723
      1 1724
      1 1725
      1 1726
      3 1727
      2 1728
      1 1729
      1 1730
      1 1731
      1 1732
      1 1733
      2 1734
      1 1735
      1 1736
      1 1737
      1 1738
      1 1739
      2 1740
      1 1741
      1 1742
      1 1743
      1 1744
      1 1745
      1 1746
      3 1747
      2 1748
      1 1749
      1 1750
      7 1751
      1 1752
      1 1753
      1 1754
      1 1755
      1 1756
      1 1757
      1 1758
      1 1759
      1 1760
      1 1761
      5 1762
      1 1763
      1 1764
      1 1765
      1 1766
      1 1767
      1 1768
      1 1769
      1 1770
      1 1771
      1 1772
      1 1773
      1 1774
      2 1775
      5 1776
      1 1777
      1 1778
      1 1779
      1 1780
      1 1781
      2 1782
      1 1783
      1 1784
      3 1785
      3 1786
      1 1787
      1 1788
      1 1789
      2 1790
      1 1791
      1 1792
      3 1793
      1 1794
      1 1795
      1 1796
      1 1797
      1 1798
      1 1799
      1 1800
      1 1801
      1 1802
      1 1803
      1 1804
      1 1805
      1 1806
      2 1807
      6 1808
      1 1809
      1 1810
      1 1811
      1 1812
      3 1813
      1 1814
      1 1815
      1 1816
      1 1817
      1 1818
      3 1819
      1 1820
      1 1821
      1 1822
      1 1823
      1 1824
      3 1825
      1 1826
      1 1827
      1 1828
      1 1829
      1 1830
      1 1831
      1 1832
      1 1833
      7 1834
      1 1835
      2 1836
      1 1837
      3 1838
      1 1839
      1 1840
      1 1841
      1 1842
      1 1843
     27 1844
      1 1845
      1 1846
      1 1847
      1 1848
      1 1849
      1 1850
      2 1851
      1 1852
      1 1853
      1 1854
      1 1855
      1 1856
      1 1857
      1 1858
      1 1859
      1 1860
      4 1861
      1 1862
      1 1863
      1 1864
      1 1865
      1 1866
      1 1867
      1 1868
      1 1869
      1 1870
      1 1871
      1 1872
      2 1873
      2 1874
      1 1875
      1 1876
      1 1877
      2 1878
      1 1879
      1 1880
      5 1881
      1 1882
      1 1883
      1 1884
      1 1885
      1 1886
      1 1887
      1 1888
      1 1889
      1 1890
      1 1891
      4 1892
      2 1893
      3 1894
      1 1895
      1 1896
      1 1897
      1 1898
      1 1899
      1 1900
      1 1901
      1 1902
      1 1903
     11 1904
      1 1905
      1 1906
      1 1907
      1 1908
      1 1909
      1 1910
      2 1911
      1 1912
      1 1913
      2 1914
      2 1915
      1 1916
      1 1917
      1 1918
      1 1919
      1 1920
      2 1921
      1 1922
      1 1923
      1 1924
      1 1925
      1 1926
      1 1927
      1 1928
      1 1929
      1 1930
      1 1931
      1 1932
      1 1933
      1 1934
      2 1935
      1 1936
      1 1937
      1 1938
      1 1939
      1 1940
      1 1941
      1 1942
      1 1943
      2 1944
      1 1945
      2 1946
      1 1947
      1 1948
      1 1949
      2 1950
      8 1951
      1 1952
      1 1953
      2 1954
      4 1955
      1 1956
      1 1957
      1 1958
      1 1959
      1 1960
      1 1961
      2 1962
      5 1963
      1 1964
      1 1965
      1 1966
      2 1967
      1 1968
      1 1969
      1 1970
      1 1971
      1 1972
      1 1973
      1 1974
      1 1975
      2 1976
      1 1977
      1 1978
      1 1979
      1 1980
      1 1981
      1 1982
      1 1983
      1 1984
      1 1985
      3 1986
      1 1987
      1 1988
      1 1989
      1 1990
      1 1991
      1 1992
      1 1993
      1 1994
      1 1995
      1 1996
      1 1997
      2 1998
      1 1999
      1 2000
      1 2001
      1 2002
      1 2003
      2 2004
      1 2005
      1 2006
      1 2007
      1 2008
      1 2009
      1 2010
      1 2011
      1 2012
      1 2013
      3 2014
      1 2015
      1 2016
      1 2017
      1 2018
      1 2019
      1 2020
      1 2021
      2 2022
      1 2023
      1 2024
      1 2025
      1 2026
      1 2027
      1 2028
      1 2029
      1 2030
      1 2031
      1 2032
      1 2033
      2 2034
      2 2035
      1 2036
      1 2037
      1 2038
      1 2039
      1 2040
      1 2041
      2 2042
      1 2043
      1 2044
     11 2045
      1 2046
      1 2047
      1 2048
      1 2049
      1 2050
      1 2051
      1 2052
      1 2053
      1 2054
      1 2055
      1 2056
      1 2057
      1 2058
      1 2059
      1 2060
      1 2061
      1 2062
      1 2063
      1 2064
      1 2065
      1 2066
      2 2067
      1 2068
      2 2069
      1 2070
      1 2071
      1 2072
      1 2073
      1 2074
      2 2075
      1 2076
      1 2077
      1 2078
      1 2079
      1 2080
      1 2081
      1 2082
      1 2083
      1 2084
      1 2085
      1 2086
      1 2087
      1 2088
      1 2089
      2 2090
      4 2091
      1 2092
      1 2093
      4 2094
      1 2095
      1 2096
      1 2097
      1 2098
      1 2099
      1 2100
      1 2101
      5 2102
      1 2103
      2 2104
      1 2105
      1 2106
      5 2107
      1 2108
      1 2109
      1 2110
      1 2111
      1 2112
      1 2113
      1 2114
      1 2115
      1 2116
      1 2117
      1 2118
      1 2119
      2 2120
      1 2121
      1 2122
      2 2123
      1 2124
      2 2125
      1 2126
      1 2127
      1 2128
      1 2129
      4 2130
      1 2131
      1 2132
      1 2133
      1 2134
      1 2135
      1 2136
      1 2137
      1 2138
      1 2139
      1 2140
      4 2141
      1 2142
      1 2143
      1 2144
      1 2145
      1 2146
      2 2147
      1 2148
      1 2149
      1 2150
      1 2151
      2 2152
      1 2153
      1 2154
      1 2155
      1 2156
      1 2157
      1 2158
      1 2159
      1 2160
      1 2161
      1 2162
      1 2163
      1 2164
      1 2165
      1 2166
      1 2167
      1 2168
      1 2169
      2 2170
      1 2171
      3 2172
      1 2173
      1 2174
      3 2175
      1 2176
      1 2177
      1 2178
      2 2179
      6 2180
      1 2181
      1 2182
      1 2183
      1 2184
      1 2185
      1 2186
      1 2187
      2 2188
      1 2189
      1 2190
      1 2191
      2 2192
      1 2193
      1 2194
      1 2195
      2 2196
      1 2197
      1 2198
     15 2199
      1 2200
      1 2201
      1 2202
      1 2203
      4 2204
      1 2205
      1 2206
      1 2207
      2 2208
      1 2209
      1 2210
      1 2211
      1 2212
      1 2213
      1 2214
      6 2215
      1 2216
      3 2217
      1 2218
      1 2219
      1 2220
      3 2221
      1 2222
      1 2223
      1 2224
      1 2225
      1 2226
      1 2227
      1 2228
      1 2229
      1 2230
      1 2231
     10 2232
      1 2233
      1 2234
      1 2235
      1 2236
      1 2237
      2 2238
      1 2239
      1 2240
      1 2241
      1 2242
      1 2243
      1 2244
      1 2245
      1 2246
     11 2247
      1 2248
      1 2249
      2 2250
      1 2251
      1 2252
      1 2253
      1 2254
      2 2255
      2 2256
      1 2257
      1 2258
      2 2259
      1 2260
      2 2261
      3 2262
      1 2263
     12 2264
      1 2265
      1 2266
      1 2267
      2 2268
      1 2269
      3 2270
      1 2271
      1 2272
      8 2273
      2 2274
      4 2275
      1 2276
      1 2277
      1 2278
      1 2279
      1 2280
      1 2281
      1 2282
      3 2283
      7 2284
      1 2285
      1 2286
      1 2287
      1 2288
      1 2289
      1 2290
      1 2291
      6 2292
      1 2293
      1 2294
      1 2295
      2 2296
      1 2297
      1 2298
      1 2299
      2 2300
      2 2301
      1 2302
      2 2303
      1 2304
      1 2305
      1 2306
      1 2307
      1 2308
      1 2309
      1 2310
      1 2311
      1 2312
      1 2313
      1 2314
      1 2315
      1 2316
      1 2317
      1 2318
      1 2319
      1 2320
      1 2321
      1 2322
      1 2323
      1 2324
      1 2325
      1 2326
      1 2327
      1 2328
      1 2329
      1 2330
      1 2331
      1 2332
      1 2333
      1 2334
      6 2335
      1 2336
      1 2337
      1 2338
      3 2339
      1 2340
      1 2341
     13 2342
      1 2343
      1 2344
      1 2345
      1 2346
      2 2347
      1 2348
      1 2349
      1 2350
      1 2351
      1 2352
      1 2353
      1 2354
      3 2355
      1 2356
      1 2357
      1 2358
      1 2359
     17 2360
      1 2361
      1 2362
      1 2363
      8 2364
      1 2365
      1 2366
      1 2367
      3 2368
      3 2369
      1 2370
      1 2371
      1 2372
      2 2373
      1 2374
     16 2375
      1 2376
      1 2377
      2 2378
      2 2379
      1 2380
      1 2381
      2 2382
      1 2383
      1 2384
      2 2385
      1 2386
      1 2387
      1 2388
      1 2389
      1 2390
      1 2391
      2 2392
      3 2393
      2 2394
      1 2395
      2 2396
      1 2397
      1 2398
      1 2399
      1 2400
      1 2401
      1 2402
      1 2403
      1 2404
      3 2405
      1 2406
      1 2407
      1 2408
      1 2409
      1 2410
      1 2411
      1 2412
      1 2413
      1 2414
      1 2415
      1 2416
      2 2417
      1 2418
      1 2419
      1 2420
      3 2421
      1 2422
      1 2423
      1 2424
      1 2425
      1 2426
      2 2427
      1 2428
      1 2429
      1 2430
      1 2431
      2 2432
      1 2433
      1 2434
      1 2435
      2 2436
      1 2437
      1 2438
      1 2439
      1 2440
      1 2441
      1 2442
      2 2443
      1 2444
      1 2445
      1 2446
      1 2447
      3 2448
      1 2449
      1 2450
      3 2451
      1 2452
      2 2453
     19 2454
      1 2455
      1 2456
      1 2457
      1 2458
      1 2459
      1 2460
      1 2461
      1 2462
      2 2463
      1 2464
      1 2465
      1 2466
      2 2467
      1 2468
      1 2469
      3 2470
      1 2471
      1 2472
      1 2473
      1 2474
      1 2475
      1 2476
      1 2477
      1 2478
      1 2479
      3 2480
      1 2481
      1 2482
      1 2483
      2 2484
      1 2485
      1 2486
      1 2487
      1 2488
      1 2489
      1 2490
      1 2491
      1 2492
      1 2493
      1 2494
      1 2495
      1 2496
      1 2497
      2 2498
      2 2499
     33 2500
      1 2501
      1 2502
      1 2503
      1 2504
      1 2505
      1 2506
      1 2507
      1 2508
      1 2509
      1 2510
      3 2511
      2 2512
      1 2513
      1 2514
      1 2515
      1 2516
      1 2517
      1 2518
      1 2519
      1 2520
      2 2521
      1 2522
      7 2523
      8 2524
      1 2525
      1 2526
      1 2527
      1 2528
      1 2529
      1 2530
      1 2531
      1 2532
      1 2533
      1 2534
      1 2535
      2 2536
      1 2537
      1 2538
      1 2539
      1 2540
      2 2541
      1 2542
      2 2543
      1 2544
      2 2545
      1 2546
      1 2547
      1 2548
      1 2549
      4 2550
      1 2551
      1 2552
      2 2553
      1 2554
      1 2555
      3 2556
      1 2557
      1 2558
      2 2559
      1 2560
      1 2561
      1 2562
      1 2563
