1000321
10003262
1002351
10037592
10072442
10079222
10103872
10108302
10109412
10193
10203002
10204042
10209502
10228782
10230432
10259202
1028841
10293
10296042
10314132
10336942
10355192
10364212
10375362
10391982
10428292
10437802
10493272
10505322
1053301
10555732
1057431
10578
10685352
10706
10748232
10748492
1075
10766842
10785892
10790082
10790292
1081
10814
10817632
10824762
10859042
10860062
10952672
10990322
1100661
11029372
1105661
11078052
11153992
11217622
1125151
1127951
11316112
11345952
11387152
11447682
11454012
11511192
11535092
11734522
1175791
11767122
11832612
11895822
1192
11965142
12015502
12028
12039092
12041
12046252
1219121
12229042
12268
12295092
12305
12309232
12370632
12390642
12421152
12422962
12453022
12458
1246421
12548
12582082
12619032
12666842
12681982
12719802
12755112
12755832
12760522
12764202
12857862
12859382
12876
12897992
12924692
12924732
12924902
12927172
12946702
12963692
12989352
13
13040
13041
13054
13081672
13123332
13206992
13272072
13297
13320032
13341
13354002
13397
13414102
13445232
13448872
13484212
13485442
13536792
1355741
13606702
1362141
13684412
13749072
13749922
13805872
1380711
13835742
13870622
13875312
13900042
13918212
14043572
14044002
14045162
14058350
14063033
14068094
14069661
14073744
14074502
14078377
14078559
14085639
14091245
14094873
14095644
14096818
14098246
14102143
14104570
14105596
14109432
14113567
1412211
14125053
14130610
14133436
14134823
14135227
14140248
14140420
14140622
14159815
14159854
14162632
14162662
14166387
1416671
14167197
14167938
14175623
1418
14190436
14192153
14192941
14194700
14194825
14195797
14196666
14198103
14201756
14207377
14209531
14222511
14223761
14227158
14231102
14242102
14246236
14255057
14255548
14257057
14262247
14263065
14263193
14263801
14264848
14266743
14267348
14270114
14270494
14270527
14274058
14287055
14288356
14289018
14289835
14298341
14300107
14304475
14324427
14328453
14331816
14335211
14335458
14336472
14336948
14338727
14339065
14354451
14368369
14371668
14389062
14390881
14395095
14398226
14400179
14401806
14403482
14405162
14408762
14411901
14413133
14419730
14422565
14423805
14425692
14427887
14428739
14433949
14435082
14456297
14458677
14459119
14462670
14464331
14464711
14467251
14469645
14469810
14496136
14520944
14521518
14531330
14563881
14568539
14573364
14588501
14591544
14593446
14600116
14615128
14615277
14619180
14619796
14620169
14621528
14622462
14626565
14631341
14631733
14632565
14634395
14648972
14649478
14653341
14654031
14659539
14680594
14682953
14690847
14690921
14692547
14693051
14694382
14723795
14728643
14731506
14747183
14748668
14749406
14755594
14759212
14763858
14766090
14779455
14782269
14785422
14789853
14808307
14815151
14817280
14817791
14820549
14823121
14825962
14830928
14841342
14850079
14853628
14854319
14856326
14857916
14859361
14867567
14877167
14879980
14882672
14888230
14914002
14919235
1491981
14923512
14927375
14947110
14948485
14949249
14949772
14950583
14952018
14968541
14975363
14983936
14986544
150
15010993
15014339
15014805
15017198
15022241
15046792
15048112
15048445
15060582
15093321
15104043
15107482
15108280
15108695
15108769
15109195
15111413
15122480
15140718
15141072
15145709
15148550
15149568
15151472
15151658
15154205
15158226
15172283
15174809
15176161
15176255
15176823
15178133
15179027
15180866
15191548
15206931
15207081
15208773
15209169
15214805
15219845
15220008
15220482
15224252
15241205
15245627
15247576
15247941
15248833
15252282
15256469
15272599
15281700
15286857
15287579
15288903
15292430
15302975
1530371
15310220
15310655
15312244
15323486
15335904
15343263
15344890
15347875
15354375
15355801
15377327
15377421
15401828
15412445
15442984
15445377
15446067
15447595
15447859
15452859
15474005
15474363
15481338
15482455
15484705
15494518
15503641
15507004
15510365
15512509
15516930
15518671
15519401
15519538
1552521
15568560
15579328
15582328
15603657
15605910
15606048
15606846
15609020
15631830
15648580
15666080
15668094
15672774
15676819
15695923
15703283
15703463
15703971
15706633
15711790
15724720
15729017
15744473
15747156
15764035
15768129
15768568
15779965
15795400
15795555
15831530
15832100
15840629
1585
15862790
15863699
15866539
15867514
15872836
15898441
15908890
15928171
15928352
15934672
1593581
15970124
15971957
15976691
15976870
15993710
16000318
16002530
16003398
16023965
16026192
16026547
16026708
16027306
16031781
16034635
16036109
16059281
16062922
16096966
16097049
16098172
16105221
16109137
16122121
16124611
16128589
16129906
16133048
16161176
16188971
16193555
16194018
16194885
16195071
16196157
16197852
16201877
16204699
16207149
1621271
16225836
16228113
16228320
16231894
16237018
16255990
16259597
16259632
16297425
16302472
16303703
16306821
16327067
16342199
16361661
16366137
16392267
16396276
16404415
16404592
16422338
16422387
16437778
16445099
16449727
16451077
16459661
16482865
16487081
16495429
16501166
16501980
16517127
16519032
16527358
16554542
16564424
16567659
16568438
16593415
16616276
16644093
16651767
16651791
16658723
16661360
16664204
16666620
16686055
16692660
16693035
16696889
16717233
16722241
16728487
16731443
16732171
16750887
16791536
16794656
16821304
1682431
16825819
16829781
16843
16853621
16856104
16858314
16878165
16880834
16894479
16896336
16943665
16948794
16952837
16954857
16959231
16973875
16977124
16981475
17007106
17009567
17025013
17025501
17026986
17043843
17050431
17050811
17051045
17082684
17082704
17083396
17084377
17089177
17091923
17106762
17109161
17123657
17139873
17145279
17157774
17174338
17178929
17184065
17189349
17210591
17218077
17218814
17220107
17221878
17237066
17237610
17237902
17246888
17276085
17301613
17308146
17310237
17315090
17315407
17366763
17367121
17367296
1737
17372409
17380977
1738401
17385922
17390796
17401458
17401878
17404163
17412138
17433769
17446936
17450678
17465871
17469670
17479746
17481210
17514945
17518239
17535827
17563851
17566533
17570115
17581168
17582664
17617270
17629724
17639250
17640532
17673938
17710364
17731295
17732995
17746087
17771670
17782431
17782537
17804819
17805324
17808502
1782321
17828380
17859265
17865429
17878505
17878800
17892372
17894323
17909185
17910491
17911027
17911129
17919537
17926819
17934649
17959641
17993759
17994112
17996533
18002655
18023081
18027685
18028906
18031568
18038010
18057537
18059761
18088544
18091482
18100851
18105459
18107965
18124085
18125205
18136498
18140033
18158527
18164685
18188667
18195939
18197564
18197915
18200175
18230524
18266660
18318745
18322105
18326069
18330275
18335324
18351093
18351863
18393872
18394615
18397414
18399188
18416570
18421044
18421081
18423436
18435329
18436296
18463276
18468016
184693
18480800
18482608
18492564
18495651
18510734
18519243
18521051
18524452
18526656
18526683
18531144
18555779
18583564
18586418
18590602
18591167
18595894
18600542
18621154
18621772
18654071
18659539
18664324
18686009
18689989
18713
18715744
18716854
18754441
18759616
18788294
18809624
18831291
18844515
18845071
18845658
18849049
18880325
18882714
18884443
18888022
18934593
18990823
18992088
19013415
19073088
19105194
19124090
19173512
19184110
19191734
19209997
19220671
19250524
19302345
19336285
19337423
19469976
19470087
19470387
19508228
19531338
19540646
19566505
19567890
19571671
19578573
19597841
19601548
19671331
19671392
197163
19737759
19765524
19779127
19794907
19803042
19827696
1983871
19867681
19875124
19906701
19924063
19991614
20098220
20128406
20206965
2025201
20257695
20258504
2035621
20384592
20418463
20565118
20589573
20621587
20652468
20685484
20752998
20793622
20923110
21
21116396
21121833
21137338
2117101
21269374
21286450
2144241
2148071
21589524
21699747
21744147
21768071
21891989
21977919
2243161
2305031
2305981
2333071
2353
236983
2374911
246
2477051
2559081
2564981
2567021
257
2575461
260
2626421
264213
2689501
2690941
2735591
274
2883691
2900
2910971
2961431
2995871
3026
3034981
3056391
3081711
3083881
31
3121
3228191
3229821
3294
3313111
334503
3359851
3382
3453971
3475
3520
3539311
3567621
36273
364693
365753
3670341
3686561
3700091
3740811
3747091
3752691
378303
3849391
3869471
3939681
3952921
3961
4039761
4042641
4078411
4200301
422
4276531
4278151
4328581
43483
4358
43693
43763
4456731
4538341
47
4786131
48933
4925881
4951921
5039
5052
5053461
5082531
509
5117291
51463
5290712
5295562
5346682
5454142
5488852
5510212
5517492
5555822
5574862
5578222
5605792
5637182
5653992
5676952
5736262
5746352
5754
5768872
5802442
5811472
5813312
5814
586
5882132
5902552
5906272
5942292
5949202
6012052
6032632
607063
609023
6140
6193182
6205402
6258922
627033
6292902
6320822
6329712
637533
6424452
6463
6466022
6587
6589422
6598362
662783
66393
6658612
667563
668473
668563
6722192
6767112
6776612
6799092
6799202
6852682
6858742
6871522
6898562
6919012
6952532
6987882
6998432
699963
701923
7027782
7030242
704853
706853
7078182
7080712
709143
7113252
7127802
7144182
7160462
7161032
723323
7291462
730073
7316642
7351752
7357282
740943
7422652
7446972
74543
746
7468
7476212
7549722
75533
755692
7566142
7589692
7609922
761223
765548
774675
7767032
7808572
7817282
782026
7846
7851222
7868522
7870892
7878282
7879852
7885302
7901492
790614
7907402
7909882
7941902
79543
795920
7966812
797835
798103
7981112
8015702
802074
804863
8049012
80523
806247
806280
8074932
810560
8112902
8138422
8198392
8198942
8200352
820828
8210502
8211022
821134
821978
822722
8228552
8238682
823890
8258432
8266992
8271852
8292042
8307612
8368622
8371612
8504952
8524482
860851
8628462
8654602
8687932
8719302
874
8765892
8820102
8884012
890121
8924512
893231
8932422
8981122
898691
899941
9081642
9089752
9095232
9111552
9147742
9178992
9277002
9285422
9286292
9317452
9343272
9406782
9445792
9446582
9471912
9481082
9506642
9522022
952321
9523472
9536542
9545252
9574402
9574902
962751
962801
9676642
9704612
9708132
9716382
9747432
9751642
9767172
9776512
9780052
9783242
9804482
9831152
9838882
9872292
9873552
988
9904692
9907902
9914392
9982292
9990782
