18480800
18480800
18480800
18480800
18480800
15281700
15281700
15281700
15832100
15832100
2900
2900
2900
2900
2900
14194700
14194700
14194700
14194700
14194700
14194700
14194700
15795400
15795400
17878800
17878800
4200301
4200301
4200301
4200301
4200301
4200301
4200301
4200301
4200301
4200301
4200301
4200301
4200301
4200301
4200301
4200301
14420601
14411901
14411901
962801
962801
962801
962801
962801
1053301
1053301
15723301
14523801
2025201
2025201
2025201
2025201
2025201
2025201
2025201
2025201
2025201
2025201
17025501
17025501
17025501
17025501
17025501
17025501
15355801
15355801
15355801
2117101
2117101
1738401
4368901
15519401
2689501
2689501
2689501
2689501
2689501
7580302
8210502
8210502
8210502
8210502
8210502
8210502
8210502
8210502
8210502
8210502
8210502
8210502
8210502
18590602
14231102
14231102
14231102
14231102
14231102
14231102
14231102
14231102
14231102
14231102
14231102
14231102
7941902
7941902
7941902
7941902
7941902
7941902
7941902
7941902
7941902
7941902
14242102
14242102
14242102
14242102
14242102
14242102
14242102
14242102
14242102
6292902
6292902
6292902
6292902
6292902
8752902
10203002
10203002
10203002
10203002
10203002
10203002
10203002
10203002
10203002
10203002
10203002
10203002
10203002
10203002
10203002
9183402
9183402
9183402
9183402
9183402
13354002
13354002
13354002
13354002
13354002
14044002
14044002
14914002
14914002
14914002
14914002
14914002
14914002
14914002
14914002
14914002
14914002
14914002
14914002
14914002
14914002
14914002
14914002
14914002
14914002
14914002
14914002
14914002
14914002
14914002
14914002
12794102
12794102
12794102
12794102
12794102
12794102
12794102
12794102
12794102
12794102
12794102
12794102
12794102
12794102
12794102
12794102
12794102
12794102
12794102
13414102
13414102
13414102
13414102
13414102
13414102
13414102
13414102
13414102
13414102
13414102
13414102
13414102
13414102
13414102
18424102
18424102
18424102
18424102
18424102
18424102
18424102
18424102
18424102
12764202
12984202
12984202
12984202
12984202
12984202
12984202
12984202
12984202
12984202
12984202
12984202
12984202
10394502
10394502
8654602
8654602
8654602
8654602
8654602
8654602
8654602
8654602
8654602
8654602
8654602
8654602
9574902
10074902
12924902
12924902
6915102
7885102
7885302
6205402
6205402
6205402
6205402
6205402
6205402
6205402
6205402
6205402
6205402
12015502
12015502
6566202
6566202
6566202
6566202
13606702
13606702
13606702
9277002
7907402
7907402
7127802
7127802
7127802
7127802
7127802
7127802
10437802
10437802
10437802
10437802
10437802
10437802
10437802
10437802
10437802
10437802
10437802
10437802
10437802
10437802
10437802
10437802
10437802
10437802
10437802
10437802
10437802
10437802
10437802
10437802
10437802
10437802
10437802
10437802
10437802
10437802
10437802
8037902
9417902
9417902
9907902
9907902
9907902
9907902
9907902
9907902
9907902
9907902
9907902
17237902
17237902
17237902
9908002
10108302
10108302
17808502
17808502
17808502
17808502
11628802
11628802
11628802
11628802
19728802
5949202
5949202
5949202
6799202
6799202
10259202
10259202
10209502
10209502
14370503
334503
334503
665403
665403
665403
665403
798103
798103
14198103
14198103
14198103
14198103
14198103
378303
15288903
15288903
14369003
16821304
16821304
16421604
762204
762204
17013204
17013204
17013204
17013204
15335904
16856104
19466504
19466504
17276704
17276704
17276704
17276704
17276704
17276704
17276704
17276704
20258504
17878804
15030105
15030105
15030105
15030105
15030105
16221905
18322105
12305
14423805
14423805
14423805
14423805
14423805
16943805
15474005
15474005
15474005
15474005
15474005
15474005
15474005
15474005
15474005
15474005
15474005
15474005
15474005
15474005
15474005
15474005
15474005
15474005
15154205
15154205
15154205
15154205
19084505
19084505
19084505
19084505
19084505
19084505
19084505
19084505
19084505
19084505
19084505
19084505
19084505
19084505
19084505
19084505
19084505
19084505
19084505
14364605
14364605
14364605
14364605
14364605
14364605
14364605
14364605
15484705
15484705
15484705
15484705
15484705
15014805
15014805
15014805
15014805
15014805
15014805
15014805
15014805
15014805
15014805
15014805
15014805
15014805
15214805
15214805
15214805
15214805
15214805
18125205
18125205
18125205
18125205
19757005
19757005
19757005
17377105
17377105
17377105
17377105
18887105
18887105
18887105
18887105
16649505
16649505
10706
10706
18131506
14401806
14401806
14401806
14401806
19383106
19313306
19313306
16974406
16027306
16027306
16788106
16788106
16788106
20128406
20128406
20128406
20128406
20128406
20128406
18028906
18028906
18229006
18229006
18229006
18229006
18229006
18229006
14300107
14300107
14300107
14300107
14300107
14300107
14300107
14300107
14300107
14300107
14300107
14300107
14300107
17220107
17220107
17220107
17220107
17220107
17220107
17220107
17220107
14072107
14072107
14072107
14522707
19794907
19794907
17315407
17315407
17315407
17315407
17315407
17315407
16955607
18420708
18482608
18482608
18482608
18482608
18482608
18482608
18482608
18482608
18482608
18482608
18482608
18482608
18482608
18482608
18482608
18482608
18482608
18482608
18482608
18482608
18482608
18482608
18482608
19433808
19433808
16026708
16026708
16026708
16026708
17437408
17437408
19499208
19499208
19499208
19499208
19499208
19499208
19499208
19499208
19499208
19499208
19499208
19499208
19499208
19499208
19669708
509
509
509
509
17372409
17372409
17372409
17372409
15512509
15512509
15512509
15512509
15512509
15512509
15512509
15512509
15512509
15512509
15512509
15512509
15512509
15512509
15174809
15174809
15174809
16074809
15145709
16036109
16036109
16036109
16036109
16036109
16698309
16698309
16698309
16698309
16698309
17481210
17481210
17993310
17993310
17993310
17904110
19184110
19184110
19184110
19184110
19184110
19184110
19184110
14845610
14845610
14845610
15605910
15605910
15605910
15605910
15605910
15605910
15605910
15605910
15605910
15605910
15605910
15605910
15605910
15605910
15605910
14947110
14947110
14947110
14947110
14947110
14947110
17237610
17237610
17237610
17237610
18038010
18038010
18038010
19008210
19008210
16029310
16029310
16029310
16029310
16029310
1380711
1380711
1380711
1380711
1380711
3740811
3740811
3740811
3740811
3740811
3740811
3740811
3740811
3740811
3740811
3740811
3740811
3740811
3740811
3740811
3740811
3740811
3740811
3740811
3740811
17050811
17050811
17050811
17050811
17050811
17050811
17050811
17050811
17050811
17050811
17050811
17050811
17050811
17050811
17050811
17050811
17050811
17050811
17050811
17050811
17050811
2601311
2601311
2601311
2601311
2601311
2601311
2601311
2601311
2601311
2601311
2601311
2601311
2601311
2601311
2601311
2601311
2601311
2601311
2601311
2601311
2601311
2601311
2601311
17091511
17091511
17091511
17091511
17091511
17091511
17091511
17091511
17091511
17091511
17091511
17091511
17091511
17091511
17091511
17091511
17091511
17091511
17091511
17091511
17091511
17091511
17091511
17091511
17091511
17091511
17091511
17091511
17091511
17091511
17091511
3081711
3081711
3081711
3081711
3081711
3081711
3081711
3081711
3081711
3081711
3081711
3081711
3081711
3081711
3081711
3081711
3081711
3081711
3081711
3081711
3081711
3081711
3081711
3081711
3081711
3081711
3081711
3081711
3081711
3081711
3081711
3081711
3081711
3081711
3081711
3081711
3081711
3081711
3081711
14222511
14222511
14222511
3313111
17513211
5013711
4934111
2374911
2374911
2374911
2374911
2374911
2374911
14335211
14335211
20546011
20546011
20546011
20546011
16856311
16856311
16856311
4078411
4078411
4078411
4078411
4078411
4078411
4078411
17218411
20378511
20378511
3539311
3539311
3539311
3539311
3539311
3539311
3539311
3539311
3539311
3539311
3539311
3539311
3539311
3539311
3539311
3539311
12
5510212
5510212
5510212
7080712
7080712
7080712
7080712
7080712
7080712
7080712
7080712
7080712
7080712
7080712
7450912
7450912
7981112
18491112
8371612
10061712
10061712
10061712
10061712
9471912
9471912
9471912
9471912
9471912
9471912
9471912
9471912
9471912
9471912
9471912
9471912
9471912
9471912
11832612
11832612
11832612
11832612
11832612
11832612
11832612
11832612
11832612
11832612
11832612
11832612
11832612
11832612
11832612
11832612
11832612
11832612
11832612
11832612
11832612
16502612
16502612
16502612
16502612
16502612
16502612
16502612
16502612
16502612
17362912
17362912
5813312
5813312
5813312
5813312
9283312
9283312
9283312
9283312
9283312
9283312
9283312
9283312
9283312
9283312
14923512
14923512
14923512
9553912
8884012
11454012
11454012
11454012
11454012
11454012
13484212
13484212
15074212
15074212
8924512
8924512
8924512
8924512
8924512
8924512
8924512
12424512
12424512
12424512
12424512
12424512
9704612
16684812
16684812
13304912
13304912
10915612
10915612
6926112
6926112
6926112
6926112
6926112
7476212
6776612
5836712
5836712
5836712
5836712
5836712
5836712
7906812
7966812
7966812
7966812
7966812
13286912
6767112
8307612
8307612
8307612
8307612
8307612
17997712
15048112
15048112
15048112
15048112
15048112
13918212
13918212
13918212
13918212
13918212
13918212
13918212
13918212
6658612
6658612
6658612
6658612
6658612
6658612
6658612
11318612
11318612
11318612
11318612
11318612
11318612
11318612
11318612
11318612
11318612
11318612
11318612
11318612
11318612
11318612
11318612
13108712
13108712
6919012
6919012
6919012
6919012
6919012
6919012
6919012
6919012
6919012
6919012
6919012
6919012
8049012
13289212
13289212
13289212
14759212
14759212
14759212
14759212
14759212
14759212
14759212
14759212
14759212
14759212
14759212
14759212
14759212
14759212
14759212
14759212
14759212
14759212
10109412
10109412
10109412
10109412
5619612
6329712
6329712
6329712
6329712
6329712
6329712
6329712
8519812
14919812
14919812
14919812
14919812
17189912
17189912
17189912
17189912
17189912
17189912
17189912
17189912
17189912
17189912
13
13
670413
670413
264213
264213
264213
264213
264213
264213
264213
264213
264213
264213
264213
264213
264213
264213
264213
264213
16994313
17025013
17025013
17025013
17025013
17025013
17025013
17025013
17025013
17025013
17025013
17605113
14136613
14136613
14136613
14497313
14497313
14497313
14497313
18627413
18627413
18627413
18627413
15767513
15767513
16228113
18713
18713
17579213
17579213
17579213
17579213
17579213
790614
790614
790614
18421214
15401614
15941614
15941614
18931614
18931614
14861914
17432814
17432814
17432814
17432814
17313514
19054314
19054314
19054314
19054314
19054314
16858314
21049114
21049114
21049114
15
17570115
20832715
19013415
14206015
15216215
15216215
15216215
15216215
14159815
20730016
20730016
20730016
20730016
14600116
14600116
18493816
17335216
17335216
14797916
14797916
14857916
14857916
14857916
14857916
14857916
14857916
14857916
14857916
14857916
14857916
14857916
14857916
14857916
14857916
14857916
14857916
14857916
14857916
14857916
14857916
14857916
14988416
14988416
14988416
14988416
14988416
14988416
14988416
14988416
14988416
14988416
14988416
14988416
14988416
14988416
14988416
18358516
18358516
18358516
14238716
14238716
14238716
14238716
14238716
14238716
14238716
14238716
14238716
18759616
18022517
16000318
16000318
16000318
15140718
15140718
15140718
15140718
15140718
15140718
15140718
1418
1418
1418
14521518
14952018
14952018
14952018
21694218
21694218
21694218
21694218
21694218
21694218
21694218
21694218
21694218
21694218
21694218
21694218
21694218
21694218
15494518
15494518
15494518
15494518
15494518
15494518
15494518
20565118
20565118
17826618
17826618
14096818
16237018
16237018
14289018
14289018
14823319
17804819
17804819
17804819
17804819
17804819
17804819
17804819
17804819
17804819
16825819
16825819
16825819
15676819
15676819
15676819
15676819
15676819
17926819
21977919
21977919
21977919
21977919
21977919
16458619
16458619
16458619
16458619
16458619
16458619
16458619
14459119
14459119
14459119
14459119
14459119
14459119
14459119
15519719
20
20
20
20
20
15310220
15310220
15310220
15310220
14140420
14140420
18521620
18521620
18521620
18521620
18521620
18521620
18521620
18521620
18521620
18521620
19123420
19123420
19123420
19123420
19123420
19123420
19123420
19123420
3520
3520
3520
3520
3520
3520
3520
3520
3520
3520
16666620
16666620
16666620
16817320
17867420
17217520
17217520
20098220
20098220
20098220
20098220
20098220
20098220
20098220
20098220
20098220
20098220
20098220
20098220
20098220
20098220
20098220
20098220
20098220
20098220
20098220
20098220
20098220
20098220
20098220
20098220
20098220
20098220
20098220
20098220
20098220
20098220
20098220
20098220
20098220
20098220
20098220
20098220
20098220
20098220
20098220
20098220
20098220
20098220
20098220
20098220
20098220
20098220
20098220
20098220
20098220
20098220
20098220
20098220
20098220
20098220
20098220
20098220
20098220
15609020
15609020
15609020
14619120
21
21
21
21
21
21
21
21
21
21
21
960021
890121
890121
890121
890121
890121
890121
890121
1000321
1000321
1000321
1000321
1000321
1000321
1000321
1000321
14690921
14690921
14690921
14690921
2341021
4951921
4951921
4951921
4951921
4951921
4951921
4951921
4951921
4951921
4951921
4951921
4951921
4951921
4951921
4951921
4951921
4951921
4951921
4951921
4951921
4951921
4951921
16122121
952321
1782321
1782321
1782321
20032321
1552521
1552521
1552521
1552521
1552521
1552521
1552521
1552521
1552521
1552521
1552521
1552521
1552521
1552521
1552521
1552521
1552521
15342621
3802921
3802921
3802921
3802921
3802921
3802921
3802921
3802921
3802921
3802921
3802921
3802921
3802921
3802921
3802921
3802921
3802921
3802921
3802921
3802921
3802921
3802921
3802921
3952921
3952921
3952921
3952921
3952921
3952921
3952921
3952921
3952921
3952921
3952921
3952921
3952921
3952921
3952921
3952921
3952921
3952921
3952921
3952921
3952921
3952921
3952921
3952921
3952921
3952921
3952921
3952921
3952921
3952921
3952921
3952921
14263021
14263021
3121
3121
3121
3121
3121
3121
3121
3121
3221
3221
3221
3221
15093321
15093321
15093321
16105221
16105221
16105221
16105221
16105221
16105221
16105221
16305321
2035621
2035621
2035621
2035621
4065921
1246421
1246421
2626421
2626421
2626421
2626421
16306821
16306821
16306821
16306821
16306821
16306821
16306821
16306821
16306821
16306821
16306821
16306821
16306821
16306821
16306821
16306821
16306821
16306821
16306821
16306821
16306821
16306821
16306821
16306821
16306821
16306821
17367121
17367121
17367121
17367121
17367121
17367121
17367121
17367121
2967221
15377421
15377421
15377421
15377421
15377421
15377421
3567621
3567621
3567621
3567621
3567621
3567621
3567621
3567621
2788121
14538421
14538421
19008421
17278521
17278521
17048821
17048821
17048821
17048821
4079721
10990322
13870622
13870622
13870622
14140622
14140622
14140622
14140622
14140622
6320822
6320822
6320822
8211022
8211022
8981122
6871522
6871522
6871522
6871522
6291622
9181822
9181822
9181822
9181822
9181822
9181822
9181822
17861922
9522022
18062222
8372422
12453022
13603222
13603222
13603222
13603222
20163222
20793622
20793622
20793622
20793622
20793622
20793622
20793622
20793622
20793622
11734522
11734522
11734522
11734522
11734522
11734522
11734522
10134622
16265422
11895822
11895822
11895822
11895822
11895822
11895822
11895822
11895822
11895822
11895822
11895822
6466022
9276022
7546422
7546422
7546422
7546422
7546422
8196622
8196622
8196622
8196622
8196622
11306622
11306622
12336822
11217622
11217622
18888022
18888022
18888022
18888022
9248122
9248122
9248122
8138422
8138422
7868522
7868522
7868522
7868522
8368622
8368622
8368622
8368622
10098722
6258922
6258922
6258922
6258922
6258922
6258922
6258922
14619022
16159122
16159122
6589422
6589422
6589422
6589422
6589422
6589422
6589422
6589422
6589422
6589422
7549722
7549722
7609922
13749922
23
23
23
23
23
23
23
23
23
23
23
23
423
423
80523
18990823
18990823
18990823
18990823
18990823
18990823
761223
761223
701923
701923
701923
701923
701923
701923
701923
701923
701923
17091923
17091923
17091923
17091923
17091923
17091923
632023
632023
632023
14232923
14232923
14232923
17183123
14175623
15695923
15695923
15695923
15695923
15695923
15695923
15695923
15695923
15695923
15695923
15695923
15695923
15695923
15695923
15695923
15695923
15695923
15695923
15695923
15695923
15695923
15695923
15695923
15695923
15695923
15695923
15695923
15695923
15695923
15695923
15695923
15176823
19337423
16658723
16658723
16658723
16658723
16658723
16658723
16658723
16658723
16658723
16658723
16658723
16658723
16658723
15970124
15970124
21710524
16132524
16132524
16132524
17132824
17132824
17132824
17132824
17132824
14293324
18664324
18664324
18664324
18335324
14206724
16977124
16977124
16977124
16977124
16977124
16977124
15368224
15368224
15368224
15368224
15368224
15368224
15368224
15768424
21589524
18809624
18809624
18809624
18809624
18809624
18809624
18809624
18809624
18809624
18809624
18809624
18809624
18809624
18809624
18809624
18809624
18809624
18809624
18809624
18809624
17629724
17839824
17839824
17839824
18175325
20425925
20425925
20425925
17966425
17966425
17966425
17966425
17966425
17966425
17966425
17966425
17966425
17966425
17966425
17966425
17966425
17966425
17966425
17966425
17966425
17966425
17966425
17966425
17877025
17877025
17877025
16297425
16297425
14981726
4726
14206126
14398226
15158226
15158226
15158226
14270527
14135227
15245627
15245627
15245627
15245627
15245627
15245627
15245627
15245627
15245627
15245627
15245627
17535827
17535827
17535827
17535827
17535827
17535827
17535827
16586927
16586927
16586927
16586927
16586927
16586927
16517127
16517127
16517127
16517127
16517127
16517127
16517127
16517127
16517127
16517127
16517127
16517127
16517127
16517127
15377327
15377327
15377327
15377327
15377327
15377327
15377327
15377327
15377327
15377327
15377327
15179027
19779127
19779127
19779127
14799527
14799527
14799527
14799527
14799527
820828
820828
820828
820828
14830928
17241428
14621528
14621528
14621528
14621528
14621528
14621528
14621528
14621528
14621528
15401828
15401828
15401828
15401828
15401828
15401828
15401828
15401828
15401828
15401828
15401828
15401828
15401828
15401828
12028
12028
12028
15582328
15582328
14853628
14853628
14853628
14853628
14853628
14853628
14853628
14853628
15903928
15903928
14354328
14354328
14354328
14354328
14354328
14354328
14494528
14494528
14494528
14494528
14494528
14494528
14615128
14615128
14615128
14615128
14615128
14615128
14766428
15646728
15646728
18138228
18138228
18138228
18138228
18138228
18138228
18138228
18138228
18138228
18138228
18138228
18138228
19508228
19508228
19508228
15579328
15920929
15920929
15920929
14332629
14332629
14332629
14332629
16854729
16495429
16495429
17369629
17369629
17369629
15800230
15831530
15631830
15631830
15631830
15631830
14852030
14852030
15292430
15292430
15292430
15292430
15292430
15292430
15292430
15292430
15292430
15292430
15292430
15292430
16002530
16002530
15506930
14888230
17050431
17050431
17050431
17050431
17050431
17050431
17050431
17050431
17050431
17050431
17050431
15190531
15190531
19671331
2961431
2961431
2961431
17992031
1682431
1682431
1682431
1682431
1682431
1682431
1682431
1682431
1682431
1682431
1682431
1682431
1682431
1682431
1682431
1682431
1682431
1682431
1682431
17782431
17782431
17782431
17782431
17782431
17782431
17782431
17782431
17782431
17782431
17782431
17782431
17782431
17782431
17782431
17782431
17782431
17782431
5082531
893231
893231
893231
4113731
4113731
20883731
20883731
14654031
14654031
14654031
14654031
14654031
14654031
14654031
14654031
14464331
17284731
17284731
3625331
4786131
4786131
4786131
4786131
4786131
4786131
4786131
4786131
4786131
4786131
4786131
18566131
18566131
18566131
18566131
18566131
18566131
18566131
18566131
18566131
18566131
18566131
18566131
4456731
4456731
4456731
4456731
4456731
4456731
4456731
4456731
4456731
4456731
4456731
4456731
4456731
4456731
4456731
4456731
1026931
1026931
1026931
1057431
18297531
18297531
18297531
18297531
15637631
15637631
15637631
15637631
15637631
15637631
16517731
16517731
16517731
16517731
16517731
16517731
16517731
16517731
16517731
16517731
19547731
19119031
16959231
16959231
16959231
16959231
16959231
16959231
16959231
16959231
16959231
16959231
16959231
16959231
16959231
14189531
16060532
16060532
17640532
12370632
20250732
11120932
11120932
11120932
11120932
11120932
7161032
7161032
19121632
13782032
13782032
5882132
5882132
16622232
6952532
6952532
6952532
6952532
6952532
6952532
6952532
14262532
14262532
14262532
6032632
6032632
6032632
6032632
6032632
10314132
10314132
10314132
10314132
10314132
10314132
10314132
10314132
10314132
10314132
10314132
10314132
10314132
12924732
12924732
12924732
12924732
12924732
14634832
9095232
7545332
10555732
7745832
12755832
12755832
5706432
5706432
5386532
5386532
6886532
6886532
6886532
17996732
9516832
9747432
9747432
6998432
8258432
8258432
8258432
8258432
8258432
8258432
8258432
8258432
8258432
8258432
8258432
8258432
8258432
8258432
8258432
8258432
8258432
8258432
8258432
8258432
19698932
10759032
16519032
16519032
14109432
14109432
14109432
14109432
14109432
14109432
14109432
14109432
14109432
14109432
14109432
14109432
14109432
14109432
14109432
14109432
14109432
14269832
14269832
14269832
22230133
18120933
17611333
17611333
14631733
14631733
14631733
18121833
18121833
21121833
21121833
21121833
21121833
21121833
21121833
16142533
16142533
16142533
14063033
14063033
14063033
14063033
14063033
14063033
14063033
14063033
14063033
14063033
14063033
14063033
14063033
14413133
14413133
14413133
14413133
14413133
14413133
14413133
14413133
14413133
14413133
14413133
14413133
14413133
15574033
15574033
15574033
15574033
15574033
15574033
15574033
15574033
15574033
15574033
15574033
16614033
15504433
15504433
15504433
75533
75533
75533
75533
75533
75533
75533
17876233
17566533
17566533
17566533
17566533
17566533
17566533
17566533
17566533
17566533
17566533
17566533
17566533
17566533
17566533
17566533
17566533
17566533
17566533
17566533
17566533
17566533
17566533
17566533
17566533
17566533
17566533
17566533
17566533
17566533
17566533
17566533
17566533
17996533
17996533
17996533
17996533
17996533
17996533
17996533
17996533
17996533
17996533
17996533
15706633
15706633
15706633
16356833
627033
627033
16717233
16717233
16717233
16717233
16717233
16717233
16717233
16717233
15287433
15287433
15287433
15617633
15617633
15178133
15178133
15178133
15178133
15178133
15178133
15178133
15248833
15248833
15248833
15248833
15248833
15248833
15248833
15248833
15248833
15248833
15248833
15248833
48933
48933
18510734
18510734
19191734
19191734
19191734
14232434
17573534
17864434
17535634
18046634
18046634
18878234
18878234
16659234
19209834
19209834
19209834
19209834
19209834
19209834
19209834
19209834
19209834
19209834
19209834
19209834
19209834
19209834
19209834
19209834
19209834
16090635
16090635
16090635
19171135
19171135
14791235
14791235
14791235
14791235
14791235
14791235
14171335
14171335
14171335
12335
12335
12335
12335
12335
12335
12335
12335
12335
12335
12335
12335
12335
15892635
15892635
15892635
15892635
18792935
18792935
16693035
797835
797835
19468435
19468435
14919235
16791536
16791536
16791536
16791536
16791536
16791536
16791536
16791536
20682236
16802736
16802736
16802736
17462736
17462736
17462736
15872836
15872836
15872836
15872836
15872836
14133436
14133436
14133436
14133436
14133436
14133436
14133436
14133436
14133436
14133436
18985536
18985536
18985536
18985536
16225836
16225836
16225836
16225836
16225836
21675836
21675836
21675836
21675836
21675836
21675836
21675836
21675836
21675836
21675836
21675836
21675836
21675836
21675836
21675836
21675836
21675836
21675836
21675836
21675836
21675836
21675836
21675836
21675836
21675836
21675836
21675836
21675836
21675836
21675836
21675836
21675836
21675836
21675836
21675836
21675836
21675836
21675836
21675836
21675836
14496136
14246236
14246236
14246236
14246236
14246236
16896336
19377436
17310237
18130437
18130437
18130437
18130437
15370837
19351037
19351037
19351037
19351037
19351037
19351037
19351037
19351037
19351037
19351037
19351037
19351037
19351037
19351037
19351037
19351037
19351037
19351037
19351037
19351037
19351037
19351037
19351037
19351037
19351037
19351037
19351037
19351037
19351037
19351037
19351037
19351037
19351037
19351037
19351037
17122537
18073937
18073937
18073937
18073937
18073937
18073937
18073937
18073937
18073937
18073937
14464737
15475637
15475637
16366137
16366137
16366137
16366137
16366137
18266137
18656237
18057537
18057537
18057537
16109137
16109137
19531338
19531338
17412138
17412138
17412138
17412138
17412138
17412138
17412138
16422338
16422338
16422338
16422338
16422338
16422338
16422338
16422338
16422338
16422338
16422338
16422338
16422338
16422338
16422338
16422338
16422338
16422338
16422338
16422338
16422338
16422338
16422338
16422338
16892838
17673938
17385438
17385438
17385438
17385438
17385438
17385438
17385438
15946138
15946138
15946138
15946138
15946138
15946138
15946138
15946138
15946138
15946138
15946138
15946138
21137338
21137338
16727538
14167938
16568438
20652139
14693339
14693339
14693339
15454239
15454239
15454239
15454239
15454239
15454239
15454239
15454239
15454239
15454239
15454239
15454239
15454239
15454239
15454239
15454239
15014339
5039
5039
14568539
14568539
14568539
14659539
15420340
15420340
17140640
18071240
18071240
13040
13040
13040
13040
18064240
18064240
18064240
18064240
18064240
14784640
17174940
17174940
17174940
17174940
6140
6140
6140
14466240
14466240
14466240
14466240
16626340
16626340
18746340
19706940
16437140
16437140
16437140
16437140
16437140
17237240
5060641
5060641
14631341
14631341
14631341
14631341
14631341
14631341
14631341
15841341
15841341
15841341
16722241
4042641
14192941
14192941
14192941
14192941
14192941
13341
13341
13341
13341
13341
14653341
14653341
14653341
14653341
14653341
14653341
14653341
14653341
14653341
14653341
14653341
1643641
16793841
16793841
16793841
16793841
16793841
16793841
16793841
16793841
16793841
16793841
16793841
16793841
20944141
20944141
20944141
2144241
18754441
17535241
17535241
2065841
2065841
2065841
1026541
19157341
19157341
19157341
19157341
19597841
15247941
4538341
14298341
14298341
14298341
14298341
14298341
14298341
14298341
14298341
14298341
4108441
15898441
15898441
14968541
4169741
4169741
4169741
4169741
4169741
4169741
4169741
4169741
4169741
4169741
4169741
4169741
4169741
4169741
4169741
4169741
4169741
4169741
4169741
4169741
4169741
4169741
4169741
4169741
4169741
4169741
4169741
4169741
4169741
4169741
4169741
4169741
4169741
4169741
4169741
4169741
4169741
4169741
4169741
4169741
4169741
4169741
4169741
4169741
4169741
4169741
4169741
4169741
4169741
4169741
4169741
899941
899941
13900042
13900042
13550142
13550142
14690342
14690342
14690342
12390642
12390642
12921142
9381242
14841342
14841342
14841342
14841342
14841342
14841342
14841342
14841342
14841342
9081642
9081642
9081642
9081642
9081642
9081642
9081642
9081642
9751642
9751642
9751642
9751642
9751642
6231742
12681842
5802442
5802442
5802442
5802442
5802442
5802442
5802442
5802442
5802442
5802442
5802442
5802442
19803042
19803042
19803042
19803042
19803042
19803042
19803042
19803042
19803042
19803042
19803042
19803042
19803042
19803042
19803042
19803042
9973642
9973642
9973642
9213742
9643742
9643742
9643742
10204042
10204042
10204042
10204042
10204042
10204042
10204042
10204042
10204042
10204042
5454142
5454142
5454142
5454142
5454142
5454142
5454142
5454142
16554542
16554542
16554542
10104942
11965142
13485442
13795442
13795442
13795442
10296042
10296042
10296042
10296042
10296042
7566142
7566142
7566142
7566142
7566142
7566142
7566142
9536542
9536542
9536542
7316642
7316642
7316642
7316642
7316642
7316642
7316642
9506642
9506642
9506642
9506642
9506642
9506642
9506642
9506642
9506642
9676642
9676642
9676642
9676642
9676642
9676642
9676642
9676642
9676642
9676642
9676642
9676642
9676642
9676642
9676642
9676642
9676642
9676642
10766842
10766842
10766842
10766842
10766842
12666842
12666842
12666842
12666842
10336942
18417442
18417442
18417442
18417442
18417442
9147742
10337942
10337942
10337942
10337942
18368042
18368042
18368042
7158542
7158542
9448542
9448542
15998542
6858742
6858742
9208842
8198942
8208942
10859042
10859042
10859042
10859042
10859042
10859042
10859042
10859042
10859042
10859042
10859042
10859042
10859042
10859042
10859042
12229042
6099542
740943
740943
740943
740943
740943
740943
740943
740943
740943
740943
22191343
16731443
16731443
16731443
16731443
16731443
16731443
16731443
16731443
16731443
16731443
16731443
16731443
16731443
16731443
16731443
16731443
16731443
16731443
16731443
16731443
16731443
16731443
16731443
14102143
17043843
17043843
17043843
17043843
17043843
17043843
17043843
17043843
17043843
17043843
16813943
16813943
16813943
16813943
16813943
16813943
16813943
16813943
16813943
16813943
16813943
16813943
15104043
74543
74543
74543
74543
14266743
14728643
18519243
18519243
18519243
79543
79543
79543
79543
79543
79543
79543
79543
14520944
14520944
14520944
14520944
18531144
18531144
14591544
14591544
18821544
18821544
16361744
16361744
14952044
15312244
14073744
14073744
14073744
14073744
14073744
14073744
14073744
14335444
14335444
14335444
14335444
14335444
14335444
14335444
14095644
14095644
14095644
14095644
14095644
14095644
14095644
14095644
14095644
14095644
14095644
14095644
14095644
14095644
14095644
14095644
14095644
14095644
14095644
14095644
14095644
14095644
18715744
14986544
14986544
14986544
14986544
14986544
18088544
18088544
14091245
14322345
14322345
17214245
16524645
17514945
17514945
18255245
18255245
18255245
18255245
18255245
18255245
18255245
18255245
18255245
18255245
18255245
16596245
16596245
16596245
16596245
14336645
14336645
14336645
14336645
14336645
14336645
14336645
14336645
14336645
14336645
14336645
14336645
14336645
15048445
15048445
15048445
15048445
15048445
18318745
18318745
15408945
15408945
15408945
14469645
14469645
14469645
14469645
246
246
246
14992546
14992546
14992546
14992546
14992546
14593446
14593446
14593446
14593446
15044346
15606846
17308146
17308146
14690847
14690847
14690847
14690847
14690847
14690847
14690847
14690847
14690847
14690847
14692547
14692547
14692547
18433047
21744147
21744147
21744147
21744147
21744147
21744147
14104847
14104847
14104847
14104847
14104847
14104847
14104847
14104847
14104847
14104847
14104847
14104847
17025347
17025347
17025347
17025347
17025347
17025347
17025347
17025347
17025347
17025347
17025347
17025347
17025347
17025347
17025347
14585647
14585647
14585647
14585647
14585647
14585647
14585647
14585647
14585647
14585647
14585647
14585647
14585647
14585647
14585647
14585647
14585647
14585647
14585647
14585647
14585647
14585647
14585647
15925947
15925947
15925947
15925947
15925947
15925947
15925947
15925947
15925947
15925947
15925947
15925947
15925947
15925947
15925947
15925947
15925947
15925947
15925947
15925947
15925947
15925947
15925947
15925947
15925947
15925947
15925947
15925947
15925947
15925947
15925947
15925947
15925947
15925947
15925947
15925947
15925947
15925947
15925947
15925947
19056347
16037947
18529547
18529547
21699747
21699747
14140248
18001148
14291448
14291448
14291448
15191548
15191548
15191548
765548
765548
765548
765548
765548
14255548
14255548
14255548
15606048
15606048
15606048
15606048
15606048
15606048
15606048
15606048
14336948
14336948
14336948
14336948
14267348
14267348
14267348
17667348
15650049
15650049
15650049
14820549
14820549
14820549
14820549
15021349
15021349
15021349
15021349
18882149
12449
12449
14433949
14433949
14433949
14433949
14433949
14525049
14525049
14949249
14949249
14949249
14949249
14949249
14949249
14949249
14949249
14949249
14949249
14949249
14949249
14949249
17189349
17189349
17189349
17189349
17189349
17189349
17189349
17189349
17189349
17189349
17189349
17189349
17189349
150
150
18500550
18500550
18500550
18500550
18500550
18500550
18500550
18500550
18500550
18500550
18500550
18500550
18500550
18500550
18500550
16061350
19444950
21286450
15876550
18946750
19746950
19746950
19746950
17288250
17288250
17288250
17288250
17288250
14058350
14058350
14058350
18298450
18298450
18298450
18298450
18298450
18298450
18298450
18298450
15148550
15148550
15148550
19959250
19959250
19959250
19959250
19959250
19959250
19959250
19959250
19959250
19959250
19959250
19959250
860851
860851
18100851
18100851
18100851
1002351
1002351
1002351
1002351
14693051
14693051
14693051
14693051
14693051
14693051
14693051
17563851
17563851
17563851
17563851
17563851
17563851
17563851
17563851
17563851
17563851
16553951
16553951
16553951
16553951
16553951
16553951
16553951
14354451
14354451
1125151
1125151
1125151
1125151
1125151
1125151
14815151
14815151
14815151
14815151
14815151
14795351
14795351
14795351
14795351
18296051
18296051
18296051
18296051
18296051
18296051
18296051
18296051
18296051
18296051
18296051
18296051
18296051
18296051
18296051
18296051
18296051
18296051
15456151
15456151
3346451
18066851
2477051
1127951
1127951
4278151
4278151
12500052
12500052
6560352
8200352
8200352
12520552
12520552
12520552
12520552
18130552
18130552
18130552
18130552
18130552
18130552
18130552
18130552
18130552
18130552
18130552
13060652
13060652
13060652
13060652
22040852
22040852
9831152
12421152
12421152
12421152
12421152
12421152
12421152
12421152
13871452
14131952
7552052
10882352
16582352
16582352
16582352
16582352
16582352
16582352
16582352
7422652
7422652
7422652
7422652
7422652
7422652
7422652
9082652
7113252
9913352
9913352
9913352
9913352
6273552
6273552
6273552
6273552
7873952
7674152
7674152
7674152
7674152
7674152
7674152
7674152
7674152
7674152
7674152
7674152
7674152
7674152
7674152
15224252
15224252
15224252
15224252
15224252
15224252
18524452
11964652
11964652
11964652
8504952
8504952
9545252
9545252
10685352
10685352
6165552
6165552
6165552
7115552
7115552
7115552
5746352
5676952
5676952
11387152
11387152
11387152
11387152
11387152
11387152
11387152
6917252
6917252
6147552
6147552
6147552
6147552
6147552
13697852
13697852
13697852
13697852
16197852
16197852
16197852
11078052
11078052
11078052
11078052
11078052
9768252
9768252
15928352
15928352
7358452
7358452
7358452
7358452
7358452
5488852
5488852
9089752
9089752
9089752
9089752
9089752
9089752
9089752
9089752
9089752
9089752
9089752
7879852
14630353
14630353
14630353
14630353
14630353
14760953
14760953
14760953
14760953
14760953
14760953
14760953
14760953
14760953
14760953
14760953
16370953
16370953
16370953
16370953
16370953
14192153
14192153
2353
2353
2353
2353
2353
2353
2353
14682953
14682953
14682953
14682953
14682953
14682953
14682953
14682953
14682953
14682953
14682953
18034753
14167553
14167553
14328453
14328453
14328453
14328453
14328453
14328453
14328453
14328453
14328453
14328453
14328453
14328453
14328453
14328453
14328453
14328453
19418853
14789853
14789853
14789853
14789853
14789853
14789853
13054
13054
15974854
15974854
15974854
15974854
15375854
15375854
15375854
15375854
15375854
15375854
15375854
15375854
15375854
18716854
6954
6954
18367254
18367254
18367254
18367254
18367254
18367254
18367254
18367254
16727554
16728054
16728054
16199154
15482455
15482455
15482455
15482455
15482455
15795555
15795555
15795555
15795555
15795555
15795555
15795555
15795555
19546455
14287055
14287055
14287055
14287055
14287055
14818655
17118955
17118955
17118955
14369255
14731256
14121456
18011556
18011556
18011556
18011556
18011556
18011556
14201756
17943056
14273856
18294356
18294356
18294356
18294356
18294356
18294356
18294356
18294356
18294356
18294356
18294356
18294356
18294356
18294356
18294356
18294356
18294356
16794656
16794656
16794656
16794656
16794656
16794656
16794656
16794656
16794656
16794656
16794656
16794656
16794656
16794656
16794656
16794656
15747156
15747156
15747156
15747156
15747156
15747156
15747156
15747156
15747156
15747156
15747156
15747156
15747156
15747156
14288356
14288356
57
257
15971957
15971957
15971957
15971957
15971957
15603657
15603657
15603657
15603657
15603657
15603657
15603657
15603657
16294357
16294357
16294357
15434457
15434457
15434457
16954857
16954857
16954857
16954857
16954857
16954857
16954857
16954857
14255057
16196157
16196157
16196157
16196157
15286857
15286857
15286857
15286857
15286857
15286857
15286857
15286857
15286857
15286857
15286857
15286857
15286857
15286857
15286857
15286857
15286857
15286857
15286857
15286857
15286857
14257057
14257057
14257057
14257057
14257057
14257057
21837757
17401458
17401458
17401458
17401458
15151658
15111758
14763858
14763858
14763858
14763858
14763858
4358
4358
4358
4358
4358
4358
4358
4358
4358
4358
19697058
19697058
14227158
16527358
18289658
18289658
17111859
17111859
17111859
17111859
17993759
17993759
21834659
21834659
21834659
21834659
21834659
21834659
21834659
21834659
21834659
21834659
21834659
21834659
14454959
14454959
14454959
14454959
14454959
14454959
14454959
14454959
14454959
14454959
14454959
14454959
18129159
18129159
260
14850260
810560
810560
810560
810560
810560
810560
810560
810560
810560
810560
810560
16881160
16131660
16131660
16131660
17902560
14493060
18266660
18266660
18266660
18266660
18266660
18266660
18266660
18266660
18266660
16506760
16506760
16506760
16506760
16506760
16506760
16506760
16506760
16506760
16506760
14427360
2360461
2360461
2360461
2360461
2360461
2360461
2360461
2360461
2360461
2360461
1100661
1100661
1100661
1100661
1100661
1100661
1100661
1100661
1100661
16361661
5053461
14223761
14223761
14223761
14223761
14223761
18625961
18625961
18625961
18625961
18625961
18625961
18625961
18625961
18625961
18625961
18625961
18625961
18625961
18625961
18625961
18625961
18625961
18625961
18625961
15176161
15176161
15176161
15176161
15176161
15176161
15176161
15176161
15176161
15176161
15176161
15176161
15176161
15176161
15176161
3686561
14227761
14227761
14227761
14227761
14227761
14227761
14227761
14227761
14227761
14227761
14227761
14227761
14227761
14227761
14227761
15047861
15047861
17109161
17109161
17109161
17109161
17109161
14859361
14859361
14859361
14859361
14859361
14859361
14859361
14859361
14859361
14859361
14859361
14069661
14069661
14069661
16459661
16459661
16459661
16459661
16459661
16459661
16459661
16459661
16459661
16459661
16459661
16459661
16459661
16459661
16459661
4039761
4039761
4039761
4039761
4039761
4039761
4039761
4039761
4039761
4039761
7160462
7450862
12750862
12750862
11581462
11581462
11581462
11191762
5652162
10162462
10162462
10162462
14622462
14622462
14622462
14622462
14162662
12422962
12422962
12422962
12422962
12422962
12422962
12422962
12422962
12422962
12422962
10003262
18453262
18453262
18453262
18453262
18453262
18453262
9163362
9163362
9163362
9163362
19404862
9255062
10375362
10375362
10375362
10375362
5295562
5295562
5295562
5295562
5295562
5295562
14825962
14825962
7736662
7736662
7736662
13966762
13966762
17106762
17106762
17106762
5907962
5907962
5907962
6598362
6598362
6598362
6598362
6598362
6598362
7198462
7198462
7198462
7198462
7198462
7198462
7198462
7198462
8628462
8628462
14408762
8948962
8948962
15930763
15930763
51463
18351863
18402263
18402263
19924063
19924063
15474363
6463
6463
6463
17366763
607063
197163
197163
197163
667563
667563
20418463
20418463
20418463
20418463
20418463
668563
668563
18089163
18089163
18089163
18089163
18089163
18089163
18089163
39663
39663
39663
39663
39663
39663
39663
39663
39663
39663
39663
39663
39663
39663
39663
699963
699963
15470164
17710364
17710364
17710364
17800564
17800564
17800564
17800564
16652364
17582664
17582664
18583564
18583564
18583564
18583564
18583564
18583564
18583564
18583564
18583564
18583564
14405064
14405064
14405064
14405064
14405064
14095164
16195264
16195264
15505364
15505364
15505364
15505364
15505364
15505364
15505364
15505364
16916064
16916064
17746464
17746464
17746464
17746464
17746464
17746464
17746464
17746464
15876864
15876864
15876864
18197564
18197564
18197564
18197564
18197564
18197564
18197564
18197564
18197564
18197564
18197564
18197564
18197564
18197564
18197564
14467764
14467764
14632565
14632565
14632565
14632565
14632565
14632565
14632565
14632565
14632565
14632565
14632565
14632565
14632565
14632565
14632565
14632565
14632565
14632565
14632565
14632565
14632565
14632565
14632565
14632565
14632565
14632565
14632565
14632565
14632565
14632565
14632565
14632565
14632565
16482865
16482865
16482865
16482865
14263065
14263065
14263065
16943665
16943665
16943665
16943665
16943665
16943665
16943665
16943665
16943665
16943665
16943665
16943665
16943665
16943665
16943665
16943665
14626565
14626565
14626565
14626565
14626565
14626565
14626565
14626565
14626565
14626565
14626565
14626565
14626565
14626565
14626565
14626565
14626565
14626565
14626565
20206965
20206965
18107965
18107965
18107965
18107965
18107965
18107965
18107965
15778165
15778165
15778165
15778165
16878165
16878165
16878165
16878165
16878165
16878165
16878165
16878165
16878165
16878165
16878165
16878165
16878165
16878165
16878165
16878165
16878165
16878165
16878165
16878165
16878165
14339065
14339065
14339065
14339065
14339065
14339065
14339065
14339065
14339065
14339065
14339065
17859265
15180866
15180866
16501166
16501166
20002166
20002166
20002166
20002166
20002166
20002166
19232666
19232666
19232666
16033366
16033366
16033366
16033366
16033366
16033366
16033366
14196666
16096966
16096966
16096966
16096966
16096966
16096966
16096966
17237066
17237066
17237066
17237066
17237066
17237066
17237066
17237066
17237066
17237066
17237066
17237066
17237066
17237066
17237066
17237066
14297166
14297166
14297166
14297166
14297166
14297166
14297166
14297166
14260667
14260667
14260667
14260667
20640767
20640767
20640767
18560967
16651767
16651767
16651767
16651767
16651767
16651767
16651767
16651767
16651767
16651767
16651767
16651767
16651767
16651767
16651767
16651767
16651767
12267
12267
12267
12267
12267
16392267
16392267
16392267
16392267
16392267
16392267
18132967
14113567
17573767
15446067
15446067
15446067
15446067
15446067
15446067
15446067
15446067
15446067
15446067
15446067
15446067
15446067
15446067
15446067
15446067
15446067
15446067
15446067
15446067
15926067
15926067
15926067
22266667
22266667
22266667
22266667
16327067
16327067
14877167
14877167
14877167
18188667
18188667
18188667
18188667
18878767
18878767
19138867
17009567
17009567
17009567
15080268
14370368
17581168
17581168
17581168
17581168
17581168
17581168
17581168
17581168
18031568
18031568
18031568
18031568
18031568
18031568
18031568
18031568
18031568
18031568
18031568
18031568
18031568
18031568
1668
1668
1668
1668
1668
1668
1668
1668
1668
1668
1668
1668
14371668
14371668
14371668
14371668
14371668
14371668
14371668
14302268
14302268
20652468
20652468
20652468
20652468
20652468
20652468
20652468
20652468
17772868
754468
754468
754468
754468
754468
18754768
18754768
18754768
7468
7468
20068368
15768568
15768568
15768568
14748668
14660169
14660169
1469
14782269
16323469
17773569
17433769
17433769
18034569
15256469
15256469
15256469
17396769
14536869
14368369
15209169
15209169
18409769
18409769
17771670
17771670
17771670
17771670
17771670
17771670
17771670
17771670
16952370
14462670
14104570
15905870
15905870
15905870
15905870
18416570
18946670
17617270
17617270
15089070
15089070
15089070
17469670
17469670
1530371
1530371
19571671
19571671
14791871
14791871
16732171
2333071
3453971
15703971
15703971
15703971
15703971
14064071
14064071
18654071
18654071
18654071
18654071
18654071
18654071
18654071
18654071
18654071
18654071
18654071
18654071
18654071
18654071
18654071
18654071
18654071
18654071
18654071
1874271
1874271
18454771
18454771
18454771
18454771
18454771
18454771
18454771
18454771
18454771
18454771
18454771
18454771
18454771
18454771
18454771
18454771
16195071
16195071
16195071
16195071
16195071
16195071
16195071
16195071
16195071
16195071
16195071
16195071
16195071
16195071
16195071
17465871
17465871
17465871
17465871
17465871
1416671
1416671
1416671
1416671
1416671
1416671
1416671
1416671
1416671
1416671
1416671
1416671
1416671
1416671
1416671
1416671
1416671
1416671
1416671
1416671
1416671
1416671
1416671
826771
1117471
1117471
7671
7671
7671
7671
2148071
2148071
2148071
2148071
21768071
21768071
21768071
21768071
21768071
21768071
15928171
15928171
16008171
15518671
15518671
15518671
15518671
15518671
15518671
15518671
15518671
15518671
15518671
15518671
15518671
15518671
15518671
15518671
15518671
15518671
15518671
15518671
15518671
16188971
16188971
16188971
16188971
16188971
16188971
16188971
16188971
16188971
16188971
16188971
16188971
16188971
16188971
16188971
16188971
16188971
16188971
16188971
16188971
16188971
16188971
15159171
3869471
3869471
3869471
3869471
3869471
3869471
3869471
3869471
3869471
3869471
3869471
3869471
3869471
3869471
3869471
3869471
3869471
3869471
12170072
12170072
12170072
12170072
15741172
5811472
15151472
15151472
13081672
13081672
13081672
13081672
18621772
9701972
9701972
9701972
11091972
11961972
11961972
11961972
11961972
11961972
11961972
11961972
11961972
7062072
13272072
13272072
13272072
13272072
13272072
13272072
13272072
13272072
13272072
13272072
13272072
13272072
13272072
13832072
13832072
12032172
12032172
12032172
17892372
17892372
17892372
16302472
16302472
16302472
10952672
10952672
10952672
10952672
10952672
14882672
14882672
10493272
10493272
10493272
17123272
9523472
9523472
10103872
10103872
10103872
10103872
10103872
10103872
10103872
10103872
10103872
11244472
8424672
15934672
15934672
15934672
15934672
15934672
15934672
7774772
7774772
7774772
7774772
13805872
13805872
13805872
13805872
5906272
5906272
5906272
14336472
14336472
14336472
14336472
14336472
14336472
14336472
14336472
14336472
14336472
14336472
14336472
14336472
14336472
14336472
14336472
14336472
14336472
14336472
14336472
14336472
14336472
14336472
14336472
14336472
14336472
14336472
14336472
14336472
14336472
14336472
14336472
14336472
14336472
14336472
14336472
14336472
14336472
14336472
14336472
14336472
14336472
14336472
14336472
10196572
10196572
10196572
7446972
7446972
8636972
8816972
8816972
8816972
8816972
10996972
10996972
10996972
10996972
10996972
12927172
12927172
12927172
12927172
16098172
16098172
16098172
7248372
8428372
8428372
13448872
13448872
13448872
13448872
14648972
14648972
14648972
14648972
14648972
14648972
14648972
14648972
14648972
14648972
13749072
13749072
13749072
13749072
13749072
13749072
13749072
13749072
13749072
13749072
13749072
13749072
13749072
13749072
13749072
13749072
13749072
14139272
14139272
14139272
14139272
14139272
14139272
14139272
14139272
14139272
14139272
14139272
14139272
14139272
14139272
15549272
15549272
15549272
15549272
15549272
15549272
11029372
11029372
11029372
11029372
11029372
11029372
11029372
11029372
11029372
11029372
11029372
11029372
11029372
11029372
11029372
11029372
11029372
16429672
16429672
16429672
16429672
16429672
16429672
14949772
14949772
14949772
14949772
14949772
14949772
14949772
14191473
17371873
17371873
17371873
17282673
15744473
15744473
36273
36273
36273
36273
36273
36273
36273
668473
668473
668473
668473
668473
668473
19578573
19578573
15208773
309073
874
874
874
874
874
874
874
874
874
874
874
874
874
874
874
874
874
802074
802074
15672774
15672774
15672774
17373474
14426674
14426674
14426674
14426674
14426674
14426674
14426674
14426674
14426674
14426674
21269374
21269374
21269374
21269374
21269374
21269374
15339574
15339574
15339574
15339574
15339574
15339574
15339574
15339574
15339574
15339574
15339574
15339574
15339574
15339574
15339574
15339574
15339574
15339574
15339574
15339574
15339574
15339574
15339574
15339574
15339574
15339574
15339574
15339574
15339574
15339574
15339574
15339574
15339574
15339574
15319674
14360175
14360175
14360175
14360175
14360175
14360175
14360175
14360175
14360175
14360175
14360175
14360175
14360175
14360175
14360175
14360175
14360175
14360175
14360175
14360175
14360175
14360175
14360175
14360175
14360175
14360175
14360175
14360175
14360175
14360175
14360175
14360175
14360175
14360175
14360175
14360175
14360175
14360175
14360175
14360175
14360175
14360175
14360175
14360175
14360175
14360175
14360175
14360175
14360175
18200175
18200175
18200175
18330275
19150275
16521175
16521175
17173775
17173775
17173775
17173775
17173775
17173775
17173775
17173775
17173775
774675
774675
774675
774675
774675
774675
774675
774675
774675
774675
774675
774675
774675
774675
774675
774675
774675
774675
14134775
14134775
14134775
14134775
16994775
16994775
16994775
16994775
16994775
14266375
14266375
14266375
16908775
16908775
16908775
16908775
16908775
16589775
16589775
16589775
14730176
17500776
16161176
16161176
16161176
16161176
16161176
16161176
16161176
20161476
20161476
12876
18463276
18463276
18463276
18463276
18463276
18463276
18463276
18463276
18463276
18463276
18463276
18463276
18463276
18463276
18463276
18463276
18463276
18463276
18463276
18463276
18463276
18463276
18463276
18463276
18463276
15247576
15247576
15247576
15247576
15247576
15247576
15247576
15247576
15247576
15247576
15247576
19469976
19469976
19929976
16030177
16030177
16030177
16030177
16030177
16030177
16451077
16201877
21015177
21015177
14615277
14615277
14615277
14615277
14615277
14615277
14615277
14615277
14615277
14615277
14615277
14615277
14615277
15445377
15445377
15445377
15445377
15445377
17218077
14078377
14078377
14078377
14078377
14078377
14078377
14078377
14078377
14078377
14078377
14078377
14078377
14078377
14078377
14078377
14078377
14078377
14458677
17959077
17959077
17959077
17959077
17089177
17089177
10578
17450678
18370778
18370778
18370778
18370778
18370778
18370778
18370778
17221878
17221878
17221878
17221878
17221878
17221878
17221878
17221878
17221878
17221878
17221878
17221878
17221878
17221878
17221878
17221878
17221878
17221878
17221878
17221878
17221878
17221878
17221878
17221878
17221878
17221878
17401878
17401878
17401878
821978
821978
16562478
16562478
16562478
16562478
16562478
16562478
16562478
16562478
16562478
18082478
18082478
18082478
18082478
18082478
18082478
18082478
18082478
18082478
18082478
18082478
18082478
18082478
18082478
18082478
18082478
18082478
18082478
18082478
18082478
18082478
18082478
18082478
18082478
18082478
18082478
18082478
18082478
18082478
18082478
18082478
18082478
18082478
14863578
14863578
16123978
16123978
16123978
16123978
16123978
16123978
17584578
14787578
14787578
14787578
14787578
14787578
14787578
14787578
14787578
14787578
14787578
18879278
18879278
18879278
14649478
14850079
14850079
14850079
14850079
14850079
14400179
14400179
14400179
14400179
14550679
14550679
18321279
18031679
18031679
17302879
17302879
17302879
17302879
15073979
15073979
15073979
15073979
15073979
15073979
15073979
15073979
15073979
15073979
15073979
15073979
15073979
15073979
15073979
15073979
15073979
15073979
15073979
15073979
15073979
15073979
15073979
15073979
15073979
15073979
15073979
15073979
15073979
15073979
15073979
15073979
15073979
15073979
15073979
15073979
15073979
15073979
15073979
15073979
15073979
15073979
15073979
15073979
15073979
15073979
15073979
15073979
15073979
20802380
15666080
806280
14817280
14817280
15108280
15108280
20069980
681
14390881
14390881
14390881
14390881
14390881
14390881
14390881
14390881
14390881
14390881
14390881
14390881
14390881
1081
1081
1081
1081
1081
1081
18421081
1491981
1491981
3033081
3033081
3033081
3033081
3033081
3033081
3033081
16693081
16693081
18023081
1593581
1593581
1593581
1593581
3083881
3083881
3083881
3083881
3083881
3083881
3083881
3083881
3083881
3083881
3083881
3083881
2934381
14514481
14514481
14514481
14514481
14514481
14514481
14514481
14514481
14514481
14514481
3034981
3034981
3034981
4765481
4765481
4925881
4925881
4925881
4925881
4925881
4925881
4925881
4925881
4925881
4925881
4925881
4925881
4925881
4925881
4925881
4925881
4925881
4925881
2305981
2305981
2305981
2305981
2305981
2305981
2305981
2305981
2305981
2305981
2305981
2305981
2305981
2305981
2305981
2305981
2305981
2305981
2305981
2305981
2305981
2305981
2305981
2305981
2305981
2305981
886081
886081
886081
886081
886081
886081
886081
886081
886081
886081
886081
886081
886081
886081
886081
886081
886081
886081
886081
886081
886081
886081
886081
886081
886081
886081
886081
886081
886081
886081
14456781
14456781
14456781
14456781
19867681
19867681
19867681
19867681
19867681
16458281
4328581
4328581
4328581
4328581
4328581
4328581
4328581
4328581
4328581
4328581
4328581
4328581
4328581
4328581
4328581
4328581
4328581
4328581
4328581
4068781
15408781
16059281
16059281
16489281
16489281
16829781
16829781
16829781
16829781
10790082
10790082
10790082
10790082
10790082
10790082
10790082
10790082
10790082
10790082
10790082
10790082
10790082
10790082
10790082
10790082
10790082
10790082
10790082
10790082
10790082
10790082
10790082
10790082
10790082
10790082
10790082
10790082
10790082
10790082
10790082
10790082
10790082
10790082
10790082
10790082
10790082
10790082
10790082
10790082
10790082
5520482
15220482
15220482
9990782
11930782
11930782
11930782
11930782
11930782
11930782
11930782
11930782
11930782
11930782
9481082
9481082
14201182
14201182
14201182
14201182
14201182
14201182
14201182
14201182
18891182
18891182
18891182
18891182
18891182
9311282
9311282
9311282
9311282
9311282
9311282
9311282
13191382
13191382
13191382
13191382
13191382
13191382
13191382
18091482
18091482
18091482
18091482
18091482
14171582
14171582
14171582
14171582
14171582
14171582
14171582
14171582
14171582
14171582
14171582
14171582
14171582
14171582
14171582
14171582
14171582
14171582
14171582
14171582
14171582
16131682
16131682
9541882
9541882
9541882
9541882
10391982
12681982
12681982
12681982
12681982
12681982
12681982
12681982
12681982
12681982
12681982
12681982
12681982
12681982
12681982
12681982
12681982
12681982
12681982
12681982
7382082
7382082
7382082
7382082
7382082
12582082
15252282
13572882
13572882
13572882
13572882
16262882
21122882
8822982
8822982
14552982
14552982
6193182
6193182
3382
8983982
14694382
14694382
14694382
14694382
14694382
9804482
6595082
9716382
9406782
9406782
9406782
9406782
5637182
5637182
5637182
5637182
5637182
5637182
5637182
5637182
5637182
5637182
5637182
5637182
5637182
5637182
5637182
5637182
5637182
5637182
5637182
5637182
5637182
7357282
7357282
7357282
7817282
7817282
7817282
15107482
15107482
11447682
7027782
7027782
7337782
7337782
7337782
7878282
7878282
8238682
10228782
10228782
10228782
10228782
10228782
10228782
10228782
10228782
10228782
8268882
8268882
8268882
8268882
8978882
9838882
9838882
9838882
9838882
9838882
9838882
9838882
9838882
9838882
9838882
9838882
9838882
9838882
9838882
9838882
9838882
9838882
9838882
9838882
9838882
9838882
9838882
9838882
9838882
9838882
9838882
9838882
17409382
17409382
17409382
17409382
17409382
17409382
17409382
17409382
7149882
7149882
7909882
7649982
7649982
15450083
15450083
19080283
17280583
17280583
17280583
15172283
15172283
15172283
15172283
15172283
15172283
15172283
15172283
15172283
15172283
15172283
15172283
15172283
15172283
15172283
15172283
15172283
15172283
15172283
15172283
15172283
15172283
15172283
15172283
15172283
15172283
15172283
15172283
15172283
15172283
21272583
21272583
21272583
21272583
21272583
662783
662783
662783
662783
662783
662783
662783
662783
662783
662783
662783
662783
662783
14105783
18526683
18526683
14747183
14747183
14747183
14747183
17147983
17147983
17147983
18717983
14588083
14588083
14588083
15442984
15442984
14396084
19216484
18137784
15729084
18451285
18451285
18451285
1585
22252485
22252485
18124085
18124085
18124085
16524385
16524385
16524385
16524385
16524385
16524385
16524385
16524385
16524385
16524385
16524385
18164685
18164685
18164685
16194885
16194885
16194885
16194885
16194885
16194885
19336285
19336285
19336285
19336285
19336285
19336285
19336285
19336285
19336285
19336285
19336285
19336285
19336285
19336285
21706785
21706785
16297285
16297285
16297285
16297285
16297285
16297285
16297285
16297285
16297285
16297285
16297285
16297285
16297285
16297285
16297285
16297285
16297285
19667285
17909185
17909185
17909185
17909185
17909185
17909185
17909185
17909185
17909185
17909185
17909185
17909185
20579385
17450686
14461486
15323486
17243986
17243986
17243986
15844386
17375386
17375386
17375386
17375386
17375386
17026986
17026986
87
87
87
15090087
15090087
15090087
15090087
19470087
20621587
20621587
20621587
20621587
20621587
20621587
20621587
20621587
20621587
20621587
20621587
20621587
20621587
20621587
20621587
20621587
20621587
20621587
16042487
14952787
19024287
19024287
19024287
19024287
19024287
18954687
18954687
18954687
18954687
18954687
18954687
18954687
18954687
18954687
18954687
18954687
14166387
14166387
14166387
6587
16387087
988
988
988
988
988
988
988
988
988
18992088
18992088
18992088
18992088
18992088
18992088
18992088
14172488
14172488
19073088
17246888
17246888
14928788
14928788
14928788
14928788
14928788
18399188
18399188
18399188
18399188
18399188
18399188
18399188
18399188
18399188
18399188
18399188
18399188
14319788
20033589
20033589
20033589
20033589
20033589
20033589
20524089
20524089
20524089
20524089
20524089
20524089
20524089
20524089
20524089
20524089
20524089
20524089
18884289
16914689
16914689
16914689
16914689
16914689
16914689
16914689
16914689
16914689
16914689
16914689
14435489
14435489
14435489
14435489
14435489
14435489
14435489
14435489
14435489
14435489
14435489
14435489
14435489
14435489
14435489
14435489
14435489
14435489
14435489
16128589
16498889
17639189
17639189
17639189
17639189
17639189
17639189
17639189
17639189
17639189
15711790
15862790
15862790
15862790
15862790
15862790
15862790
15862790
15862790
15862790
15862790
15862790
15862790
15862790
15862790
15862790
15862790
15862790
15862790
15862790
15862790
15862790
15862790
15862790
15862790
15862790
15862790
15862790
15862790
15862790
15862790
15862790
15862790
823890
19124090
19124090
19124090
19124090
19124090
19124090
19124090
19124090
19124090
15344890
15344890
15344890
15344890
15344890
15344890
15344890
15344890
15344890
15344890
15344890
15344890
19714890
19714890
19714890
19714890
19714890
19714890
19714890
19714890
19714890
19714890
19714890
19714890
19714890
19714890
19714890
19714890
19714890
19714890
19714890
14784990
14784990
14784990
14784990
14784990
14784990
14784990
20515090
14206990
14206990
3700091
3700091
3700091
3700091
291
291
291
17060291
17060291
17060291
17060291
17060291
19310991
19310991
19310991
14781691
14781691
14781691
14781691
3752691
3752691
3752691
3752691
3752691
2523591
2523591
2523591
2883691
4593691
4593691
18464291
18464291
18464291
18464291
18464291
18464291
18464291
18464291
18464291
18464291
18464291
18464291
18464291
18464291
18464291
18464291
18464291
18464291
18464291
18464291
18464291
18464291
18464291
18464291
18464291
18464291
18464291
18464291
18464291
18464291
18464291
18464291
18464291
1175791
3747091
3747091
3747091
3747091
5117291
5117291
5117291
5117291
5117291
5117291
5117291
5117291
5117291
5117291
3228191
898691
898691
898691
898691
898691
898691
898691
3849391
3849391
17550192
9410392
5840792
5840792
5840792
7870892
7870892
7870892
7870892
7870892
1192
7901492
7901492
7901492
17441492
7351692
6081892
6081892
7282092
7282092
7282092
7282092
7282092
7282092
7282092
7282092
7282092
6722192
6722192
6722192
6722192
5942292
9982292
9982292
5772692
5772692
5772692
5772692
5772692
5293092
13413192
15213592
15213592
15213592
15213592
12963692
12963692
12963692
12963692
5653992
6963992
6963992
6963992
6963992
6963992
11153992
11153992
11153992
11153992
9914392
9024492
16404592
16404592
9354892
9354892
13734992
11535092
11535092
11535092
11535092
11535092
12295092
13245092
13245092
13245092
10355192
10355192
18925692
18925692
18925692
18925692
18925692
9445792
8765892
8765892
8765892
16026192
16026192
11896292
11896292
11896292
11896292
11896292
11896292
11896292
19046392
19046392
12366592
13536792
13536792
13536792
13536792
13536792
15046792
15046792
15046792
15046792
15046792
15046792
15046792
15046792
15046792
15046792
18916792
18916792
8796992
13206992
13206992
13206992
13206992
13206992
14957392
14957392
14957392
10037592
12897992
12897992
10428292
10428292
10428292
10428292
10428292
10428292
10428292
10428292
10428292
10428292
8198392
8198392
8198392
8198392
9508592
9178992
9178992
9178992
9178992
9178992
9178992
12798992
12798992
12798992
13568992
6799092
7589692
7589692
7589692
7589692
7589692
7589692
7589692
7589692
7589692
5489892
10193
10193
15010993
15010993
15010993
18351093
18351093
18351093
18351093
18351093
18351093
18351093
18351093
18351093
18351093
18351093
14061693
14061693
14061693
14061693
14061693
14061693
14061693
14061693
14061693
14061693
14061693
16461693
14263193
14263193
14263193
14263193
43693
43693
43693
16644093
16644093
18934593
18934593
184693
184693
184693
364693
364693
14454793
14270494
14270494
14270494
14820494
17831294
17831294
17831294
16231894
14402594
3294
16883694
17844194
15668094
15668094
15668094
15668094
18788294
15028394
15028394
16948794
16948794
16948794
16948794
16948794
16948794
16948794
16948794
16948794
20809394
18549894
18549894
16730395
16730395
17731295
17731295
17731295
17731295
17731295
17871395
14961995
17732995
17732995
17732995
17732995
17732995
17732995
17732995
17732995
17732995
17732995
17732995
17732995
17732995
17732995
17732995
19862995
19862995
19862995
19862995
14763195
14763195
14763195
14763195
18363295
18363295
14723795
14723795
14723795
14634395
14634395
14634395
15634395
15634395
14395095
15447595
20257695
20257695
20257695
20257695
20257695
20257695
15108695
15108695
15108695
15108695
15108695
15108695
15108695
15108695
15108695
15108695
15108695
15108695
15108695
15108695
15108695
15108695
15108695
15108695
15108695
15108695
15108695
15108695
15108695
15948895
15948895
15948895
15948895
15948895
15948895
15948895
15948895
15388995
15109195
15109195
15109195
15109195
15109195
15109195
15109195
15109195
15109195
15109195
17083396
16925096
18655196
18655196
18655196
18655196
18655196
18655196
14585296
14585296
14585296
14585296
14585296
14105596
14105596
14105596
15535696
15535696
15535696
15535696
15535696
21116396
21116396
17367296
17367296
18518496
14239496
14619796
14619796
14619796
14619796
14619796
14619796
14619796
14619796
14619796
14630597
21791597
21791597
15212097
18842197
19502697
17482797
17482797
17482797
17482797
17482797
17482797
13297
13397
14895297
14895297
14456297
14456297
14456297
14456297
15836297
15836297
15836297
15836297
15836297
15836297
14887297
17907797
14918497
16388597
16388597
16388597
16388597
16259597
16259597
16259597
16369697
16369697
16369697
17869897
17869897
17869897
17869897
17869897
17901398
20752998
20752998
20752998
824098
824098
17597598
17597598
17597598
17597598
19838198
19838198
19838198
19838198
19838198
16600899
14762099
14762099
19302399
19302399
15272599
15272599
15272599
15272599
15272599
15272599
15062699
15863699
15863699
15863699
15863699
15863699
15174399
14954499
14954499
14954499
16136199
20128699
20128699
20128699
20128699
