18480800
18480800
18480800
18480800
18480800
15281700
15281700
15281700
15832100
15832100
2900
2900
2900
2900
2900
14194700
14194700
14194700
14194700
14194700
14194700
14194700
15795400
15795400
17878800
17878800
4200301
4200301
4200301
4200301
4200301
4200301
4200301
4200301
4200301
4200301
4200301
4200301
4200301
4200301
4200301
4200301
4200301
14411901
14411901
962801
962801
962801
962801
962801
962801
1053301
1053301
14263801
2025201
2025201
2025201
2025201
2025201
2025201
2025201
2025201
2025201
2025201
17025501
17025501
17025501
17025501
17025501
17025501
17025501
17025501
15355801
15355801
19906701
2117101
1738401
14588501
15519401
2689501
2689501
2689501
2689501
2689501
8820102
8210502
8210502
8210502
8210502
8210502
8210502
8210502
8210502
8210502
8210502
8210502
8210502
8210502
18590602
14231102
14231102
14231102
14231102
14231102
14231102
14231102
14231102
14231102
14231102
14231102
14231102
7941902
7941902
7941902
7941902
7941902
7941902
7941902
7941902
7941902
7941902
7941902
7941902
7941902
14242102
14242102
14242102
14242102
14242102
14242102
14242102
14242102
14242102
6292902
6292902
8112902
10203002
10203002
10203002
10203002
10203002
10203002
10203002
10203002
10203002
10203002
10203002
10203002
10203002
10203002
10203002
10203002
10203002
10203002
10203002
10203002
13354002
13354002
13354002
13354002
13354002
13354002
14044002
14914002
14914002
14914002
14914002
14914002
14914002
14914002
14914002
14914002
14914002
14914002
14914002
14914002
14914002
14914002
14914002
14914002
14914002
14914002
14914002
14914002
14914002
14914002
14914002
14914002
14914002
14914002
14914002
14914002
14914002
14914002
14914002
14914002
14914002
14914002
14914002
14914002
14914002
14914002
14914002
14914002
14914002
14914002
13414102
13414102
13414102
13414102
13414102
13414102
13414102
13414102
13414102
13414102
13414102
13414102
13414102
13414102
13414102
13414102
13414102
13414102
13414102
13414102
13414102
13414102
12764202
12764202
12764202
12764202
12764202
12764202
12764202
12764202
12764202
12764202
12764202
12764202
12764202
9574402
9574402
14074502
8654602
8654602
8654602
8654602
8654602
8654602
8654602
8654602
8654602
8654602
8654602
8654602
8654602
9574902
12924902
12924902
12924902
12924902
7885302
6205402
6205402
6205402
6205402
6205402
6205402
6205402
6205402
6205402
6205402
6205402
12015502
8015702
8015702
8015702
8015702
12946702
13606702
13606702
9277002
7907402
7907402
7127802
7127802
7127802
7127802
7127802
7127802
7127802
10437802
10437802
10437802
10437802
10437802
10437802
10437802
10437802
10437802
10437802
10437802
10437802
10437802
10437802
10437802
10437802
10437802
10437802
10437802
10437802
10437802
10437802
10437802
10437802
10437802
10437802
10437802
10437802
10437802
10437802
10437802
10437802
10437802
10437802
10437802
9907902
9907902
9907902
9907902
9907902
9907902
9907902
9907902
17237902
17237902
17237902
17237902
17237902
10108302
17808502
17808502
17808502
17808502
17808502
17808502
17808502
17808502
5949202
5949202
5949202
5949202
6799202
6799202
10259202
8719302
10209502
12719802
16303703
334503
334503
334503
334503
334503
798103
798103
798103
798103
798103
14198103
14198103
14198103
378303
378303
15288903
16821304
16821304
16821304
16821304
16821304
17082704
17082704
17082704
17082704
16664204
16664204
15335904
15335904
16856104
16856104
16856104
16856104
16856104
16856104
16856104
16856104
15507004
20258504
20258504
20258504
20258504
20258504
20258504
20258504
15241205
18322105
12305
12305
12305
12305
12305
14423805
14423805
14423805
14423805
14423805
14423805
14423805
14423805
14423805
14423805
14423805
14423805
14423805
14423805
14423805
14423805
14423805
14423805
14423805
14423805
14423805
14423805
14423805
14423805
14423805
14423805
14423805
14423805
14423805
14423805
14423805
14423805
14423805
14423805
14423805
14423805
14423805
14423805
14423805
14423805
14423805
14423805
14423805
14423805
14423805
14423805
14423805
14423805
14423805
14423805
14423805
15474005
15154205
15154205
15154205
15484705
15484705
15484705
15484705
15484705
15484705
15484705
15484705
15484705
15484705
15484705
15484705
15484705
15014805
15014805
15014805
15014805
15014805
15014805
15014805
15214805
15214805
18125205
18125205
18125205
18125205
19566505
19566505
19566505
19566505
19566505
19566505
19566505
17878505
17878505
10706
10706
14731506
14731506
14731506
14731506
14401806
14401806
14401806
14401806
17007106
17007106
16027306
16027306
16027306
16027306
16027306
16027306
16027306
16027306
16027306
20128406
20128406
18028906
18028906
18028906
18028906
18028906
18028906
14749406
16129906
14300107
14300107
14300107
14300107
14300107
14300107
14300107
14300107
14300107
14300107
14300107
14300107
14300107
14300107
14300107
14300107
14300107
14300107
14300107
14300107
14300107
14300107
17220107
17220107
17220107
17220107
19794907
19794907
19794907
17315407
17315407
17315407
17315407
14808307
14808307
14808307
14808307
14808307
14808307
14808307
14808307
14808307
14808307
14808307
14808307
14808307
14808307
14808307
14808307
14808307
14808307
14808307
14808307
14808307
14808307
15220008
15220008
18482608
18482608
16026708
16026708
16026708
16026708
16026708
16026708
16026708
16026708
16026708
16026708
16026708
16026708
16026708
16026708
16026708
16026708
16026708
16026708
16026708
16026708
16026708
16026708
16026708
16026708
16026708
509
509
509
509
509
509
509
509
509
509
509
509
509
509
509
509
509
509
17372409
17372409
17372409
15512509
15174809
15145709
15145709
18686009
16036109
16036109
16036109
16036109
16036109
16036109
16036109
14130610
14130610
17481210
17481210
17481210
17481210
17481210
17481210
17481210
17481210
17481210
20923110
15993710
19184110
19184110
19184110
19184110
19184110
19184110
19184110
19184110
19184110
19184110
19184110
19184110
19184110
19184110
19184110
19184110
19184110
19184110
19184110
19184110
19184110
19184110
19184110
19184110
19184110
19184110
19184110
15605910
15605910
15605910
14947110
17237610
17237610
18038010
18038010
18038010
18038010
14469810
14469810
14469810
14469810
14469810
1380711
1380711
1380711
3740811
3740811
3740811
3740811
3740811
3740811
3740811
3740811
3740811
3740811
3740811
3740811
3740811
3740811
3740811
3740811
3740811
3740811
3740811
3740811
3740811
3740811
3740811
3740811
3740811
3740811
3740811
3740811
3740811
3740811
3740811
3740811
3740811
3740811
3740811
3740811
3740811
3740811
3740811
3740811
3740811
3740811
3740811
3740811
3740811
3740811
3740811
3740811
3740811
3740811
3740811
3740811
3740811
3740811
3740811
3740811
3740811
3740811
3740811
3740811
3740811
3740811
3740811
3740811
3740811
3740811
3740811
3740811
3740811
3740811
3740811
3740811
3740811
3740811
3740811
3740811
3740811
3740811
3740811
3740811
3740811
3740811
3740811
3740811
3740811
3740811
3740811
3740811
3740811
3740811
3740811
3740811
3740811
3740811
3740811
3740811
3740811
3740811
3740811
3740811
3740811
3740811
3740811
3740811
3740811
3740811
3740811
3740811
3740811
3740811
3740811
3740811
3740811
3740811
3740811
3740811
3740811
3740811
3740811
3740811
3740811
3740811
3740811
3740811
3740811
3740811
3740811
3740811
17050811
17050811
17050811
3081711
3081711
3081711
1412211
14222511
14222511
3313111
16124611
16124611
16124611
16124611
16124611
16124611
16124611
16124611
16124611
16124611
16124611
16124611
16124611
16124611
14464711
2374911
14335211
14335211
14335211
14335211
14335211
14335211
4078411
4078411
4078411
4078411
4078411
4078411
4078411
4078411
4078411
4078411
4078411
4078411
4078411
4078411
4078411
4078411
4078411
4078411
4078411
4078411
3539311
3539311
3539311
3539311
5510212
5510212
5510212
5510212
5510212
5510212
5510212
5510212
5510212
5510212
5510212
5510212
5510212
5290712
7080712
7080712
7981112
7981112
7981112
7981112
7981112
8371612
8371612
8371612
8371612
8371612
8371612
8371612
8371612
8371612
8371612
8371612
8371612
8371612
9471912
9471912
9471912
9471912
9471912
9471912
9471912
9471912
9471912
9471912
9471912
9471912
9471912
9471912
9471912
9471912
9471912
9471912
9471912
9471912
9471912
9471912
9471912
9471912
9471912
9471912
9471912
9471912
9471912
9471912
9471912
9471912
11832612
11832612
11832612
11832612
5813312
5813312
5813312
5813312
5813312
5813312
5813312
5813312
5813312
5813312
5813312
5813312
5813312
14923512
14923512
14923512
19173512
19173512
19173512
19173512
8884012
8884012
11454012
11454012
17994112
10364212
10364212
10364212
10364212
13484212
13484212
13684412
13684412
13684412
13684412
13684412
8924512
9704612
9704612
9704612
9704612
12755112
12755112
12755112
12755112
12755112
12755112
13875312
11316112
7476212
7476212
7476212
7476212
7476212
7476212
7476212
7476212
7476212
9776512
6776612
6776612
7966812
7966812
6767112
6767112
6767112
6767112
6767112
8307612
8307612
8307612
8307612
8307612
8307612
15048112
15048112
15048112
15048112
15048112
15048112
15048112
15048112
15048112
15048112
15048112
15048112
15048112
15048112
13918212
13918212
13918212
13918212
13918212
13918212
13918212
13918212
13918212
13918212
13918212
13918212
13918212
13918212
13918212
13918212
13918212
13918212
13918212
6658612
6658612
6658612
6658612
6658612
6658612
6658612
6658612
6658612
6658612
6658612
6658612
6658612
6919012
6919012
6919012
6919012
6919012
6919012
6919012
6919012
6919012
6919012
8049012
8049012
8049012
8049012
8049012
8049012
8049012
8049012
8049012
8049012
8049012
14759212
14759212
14759212
14759212
14759212
14759212
14759212
14759212
14759212
10109412
10109412
10109412
10109412
6329712
6329712
6329712
6329712
6329712
6329712
6329712
6329712
6329712
6329712
6329712
6329712
6329712
6329712
6329712
6329712
13
13
15111413
17301613
17301613
17301613
17301613
17301613
17301613
17301613
17301613
17301613
17301613
17301613
17301613
17301613
17301613
17301613
17301613
17301613
17301613
17301613
17301613
17301613
17301613
17301613
264213
264213
264213
264213
264213
264213
264213
264213
264213
264213
264213
264213
264213
264213
264213
264213
264213
17025013
16228113
16228113
16228113
16228113
16228113
16228113
18713
14270114
14270114
14270114
14270114
14270114
790614
790614
790614
790614
10814
19991614
18882714
18882714
18882714
18882714
18882714
18882714
18882714
18882714
18882714
18882714
5814
18397414
18397414
15867514
16858314
17218814
17570115
16593415
19013415
16404415
18844515
18394615
18394615
18197915
18197915
18197915
18197915
18197915
14159815
14159815
14600116
14600116
14600116
14331816
14331816
14331816
14331816
14331816
14331816
14331816
14331816
14331816
14331816
14331816
14331816
14331816
14331816
14331816
14331816
14331816
14331816
14331816
14331816
14331816
14331816
14331816
14857916
14857916
14857916
14857916
14857916
14857916
14857916
14857916
14857916
14857916
14857916
14857916
14857916
14857916
14857916
14857916
14857916
14857916
14857916
14857916
14857916
14857916
14857916
14857916
14857916
14857916
14857916
18468016
18759616
15729017
15729017
15729017
15729017
15729017
15729017
15729017
15729017
15729017
15729017
15729017
15729017
15729017
16000318
16000318
16000318
15140718
1418
1418
1418
1418
14521518
14521518
14521518
14952018
14952018
14952018
14952018
14952018
14952018
14952018
14952018
14952018
14952018
14952018
14952018
14952018
14952018
14952018
16194018
16194018
15494518
15494518
15494518
20565118
18586418
14096818
16237018
14289018
14854319
14854319
14854319
14854319
14854319
14854319
14854319
14854319
14854319
14854319
14854319
14854319
17804819
17804819
17804819
17804819
17804819
16825819
15676819
15676819
15676819
15676819
15676819
15676819
15676819
15676819
15676819
15676819
15676819
15676819
15676819
15676819
15676819
15676819
15676819
15676819
15676819
15676819
15676819
15676819
15676819
17926819
17926819
21977919
21977919
21977919
21977919
14459119
14459119
15310220
15310220
15310220
15310220
14140420
14140420
14140420
14140420
14140420
14140420
14140420
14140420
14140420
14140420
14140420
14140420
14140420
14140420
14140420
14140420
14140420
14140420
14140420
14140420
14140420
14140420
14140420
14140420
3520
3520
3520
15724720
795920
16666620
16666620
16666620
16666620
16666620
16666620
16666620
16666620
16666620
16666620
16666620
16666620
16666620
16666620
16666620
16666620
16666620
16666620
16666620
16666620
16666620
16666620
16666620
16666620
16666620
16666620
16666620
16666620
16666620
16666620
16666620
16666620
16666620
16666620
16666620
16666620
16666620
16666620
16666620
16666620
16666620
16666620
16666620
16666620
16666620
16666620
16666620
16666620
16666620
16666620
16666620
16666620
16666620
16666620
16666620
16666620
16666620
16666620
16666620
20098220
20098220
16228320
16228320
16228320
16228320
16228320
16228320
16228320
16228320
15609020
15609020
15609020
15609020
15609020
15609020
15609020
21
21
21
21
21
21
21
21
21
21
21
21
21
21
21
21
21
890121
1000321
1000321
1000321
1000321
1000321
1000321
1000321
1000321
1000321
1000321
1000321
1000321
1000321
1000321
1000321
1000321
1000321
1000321
1000321
1000321
1000321
14690921
14690921
4951921
16122121
16122121
16122121
16122121
16122121
952321
952321
952321
952321
952321
952321
952321
952321
952321
952321
952321
952321
952321
952321
952321
952321
952321
952321
952321
952321
1782321
1782321
1782321
1782321
1782321
1782321
1782321
1782321
1782321
1782321
1782321
1782321
1782321
1782321
1782321
1782321
1782321
1782321
1782321
1782321
1782321
1782321
1782321
1782321
1782321
1782321
1782321
1782321
1782321
1782321
1782321
1782321
1782321
1782321
1782321
1782321
1782321
1782321
1782321
1782321
1782321
1782321
1782321
1782321
1782321
1782321
1782321
1782321
1552521
1552521
1552521
1552521
1552521
1552521
1552521
1552521
1552521
1552521
1552521
1552521
1552521
1552521
3952921
3952921
3952921
3952921
3952921
3952921
3952921
3121
3121
3121
3121
3121
3121
3121
3121
3121
14823121
14823121
14823121
15093321
15093321
16853621
16853621
16853621
16853621
16105221
2035621
2035621
2035621
2035621
2035621
2035621
2035621
2035621
2035621
2035621
2035621
2035621
2035621
2035621
2035621
2035621
2035621
2035621
2035621
2035621
2035621
2035621
2035621
2035621
2035621
2035621
1246421
1246421
1246421
1246421
1246421
1246421
2626421
2626421
16306821
16306821
16306821
16306821
16306821
16306821
16306821
16306821
2567021
2567021
2567021
17367121
17367121
17367121
15377421
3567621
3567621
3567621
3567621
3567621
3567621
3567621
3567621
3567621
1219121
3229821
10990322
422
422
12760522
12760522
12760522
12760522
12760522
13870622
13870622
13870622
14140622
14140622
6320822
8211022
8211022
8211022
8211022
8211022
8211022
8211022
8211022
8211022
8211022
8981122
7851222
7851222
6871522
6871522
9522022
9522022
8932422
8932422
8932422
8932422
822722
822722
822722
822722
822722
16062922
12453022
12453022
12453022
20793622
20793622
20793622
20793622
20793622
20793622
20793622
20793622
11734522
11734522
11734522
11734522
11734522
11734522
11734522
11734522
11734522
11734522
11734522
10505322
9285422
9285422
14785422
14785422
14785422
14785422
14785422
5555822
5555822
5555822
5555822
5555822
5555822
5555822
5555822
11895822
11895822
17385922
6466022
6466022
6466022
6466022
6466022
6466022
11767122
11217622
18888022
5578222
5578222
5578222
5578222
5578222
5578222
8138422
7868522
7868522
8368622
8368622
8368622
8368622
8368622
8368622
8368622
8368622
8368622
6258922
6258922
6258922
6258922
6258922
6258922
6258922
6258922
6258922
6258922
10079222
10079222
10079222
6589422
6589422
6589422
6589422
6589422
6589422
6589422
6589422
6589422
6589422
6589422
6589422
6589422
7549722
7549722
7549722
7609922
7609922
7609922
7609922
7609922
13749922
80523
80523
80523
80523
80523
80523
80523
80523
80523
18990823
18990823
18990823
18990823
18990823
18990823
18990823
18990823
18990823
18990823
761223
761223
761223
701923
17091923
723323
17894323
17894323
17894323
17894323
17894323
17894323
17894323
17894323
17894323
17894323
17894323
17894323
17894323
17894323
17894323
17894323
17894323
17894323
17894323
17894323
17894323
17894323
17894323
17894323
17894323
17894323
17894323
17894323
17894323
17894323
17894323
14134823
14175623
15695923
15695923
15695923
15695923
15695923
15695923
15695923
15176823
15176823
15176823
15176823
15176823
15176823
19337423
19337423
16658723
609023
609023
609023
15970124
15970124
15970124
15970124
15970124
15970124
15970124
18230524
19250524
18664324
18664324
16564424
16564424
16564424
16564424
16564424
16564424
19875124
19875124
19875124
19875124
19875124
19875124
17805324
17805324
17805324
18335324
18335324
18335324
18335324
18335324
18335324
18335324
18335324
18335324
18335324
18335324
18335324
18335324
18335324
18335324
18335324
19765524
16977124
16977124
16977124
16977124
16977124
16977124
16977124
21589524
21589524
21589524
21589524
18809624
18809624
18809624
18809624
18809624
18809624
18809624
18809624
18809624
18809624
18809624
18809624
18809624
18809624
18809624
18809624
18809624
17629724
17629724
17629724
18880325
18880325
18880325
14194825
14194825
16297425
782026
3026
14856326
14856326
14856326
14398226
15158226
14270527
14270527
14270527
14270527
14270527
14270527
14270527
14270527
14270527
14270527
17911027
14324427
14135227
14135227
14135227
14135227
14135227
14135227
15245627
15245627
15245627
15245627
15245627
15245627
15245627
15245627
15245627
15245627
15245627
15245627
15245627
15245627
15245627
15245627
15245627
15245627
15245627
17535827
17535827
17535827
17535827
17535827
17535827
17535827
17535827
17535827
17535827
17535827
17535827
16517127
16517127
16517127
16517127
15377327
15377327
15377327
15377327
15377327
18158527
14338727
14338727
15179027
19779127
19779127
16449727
820828
820828
820828
820828
820828
820828
820828
820828
820828
820828
820828
820828
820828
820828
820828
820828
820828
820828
820828
820828
820828
820828
820828
820828
14830928
14830928
14621528
14621528
14621528
14621528
14621528
14621528
14621528
14621528
14621528
14621528
14621528
14621528
14621528
14621528
14621528
14621528
14621528
14621528
14621528
14621528
14621528
15401828
15401828
15401828
15401828
15401828
15401828
12028
15582328
15582328
14853628
14853628
14853628
14853628
14853628
14853628
14853628
14853628
14853628
14853628
14853628
14853628
14853628
14853628
14853628
14615128
19508228
19508228
19508228
15579328
15579328
15579328
15579328
15840629
17911129
17911129
18435329
16495429
16495429
17865429
15768129
15768129
17178929
17178929
17178929
14531330
14531330
14531330
14531330
14531330
14531330
14531330
14531330
14531330
15831530
15831530
15831530
15831530
15831530
15631830
15631830
15292430
16002530
15516930
14888230
14888230
14888230
14888230
14888230
14888230
14888230
14888230
14888230
14888230
14888230
14888230
14888230
14888230
14888230
14419730
31
17050431
17050431
17050431
17050431
17050431
17050431
17050431
17050431
17050431
17050431
17050431
17050431
17050431
17050431
17050431
17050431
17050431
17050431
17050431
17050431
17050431
17050431
17050431
19671331
2961431
2961431
2961431
2961431
2961431
2961431
2961431
2961431
2961431
2961431
2961431
2961431
2961431
2961431
1682431
1682431
1682431
1682431
1682431
1682431
1682431
1682431
1682431
1682431
1682431
1682431
1682431
17782431
17782431
5082531
893231
893231
14654031
14654031
14654031
14654031
14654031
14654031
14654031
14654031
14654031
14654031
14654031
14654031
14654031
14464331
14464331
14464331
14464331
14464331
14464331
14464331
14464331
14464331
14464331
14464331
2305031
2305031
2305031
2305031
2305031
2305031
2305031
2305031
2305031
2305031
2305031
4786131
4786131
4786131
4786131
4786131
4786131
4786131
4786131
4276531
4456731
4456731
4456731
4456731
4456731
4456731
4456731
4456731
4456731
4456731
4456731
4456731
4456731
4456731
4456731
4456731
4456731
4456731
4456731
4456731
4456731
4456731
4456731
4456731
4456731
15206931
15206931
15206931
15206931
15206931
15206931
15206931
15206931
15206931
15206931
1057431
16959231
16959231
14209531
14209531
14209531
13320032
13320032
13320032
13320032
13320032
10230432
10230432
17640532
17640532
17640532
17640532
17640532
17640532
17640532
17640532
17640532
17640532
17640532
17640532
12370632
7161032
7161032
7161032
5882132
5882132
5882132
5882132
6952532
6032632
6032632
6032632
6032632
6032632
6032632
6032632
6032632
6032632
6032632
6032632
6032632
6032632
6032632
6032632
6032632
6032632
6032632
14162632
14162632
13123332
10314132
10314132
12924732
8074932
8074932
8074932
8074932
8074932
8074932
8074932
8074932
9095232
13445232
10555732
12755832
12755832
7767032
9747432
10817632
10817632
8687932
8687932
8687932
8687932
8687932
8687932
8687932
8687932
8687932
8687932
8687932
8687932
8687932
8687932
8687932
8687932
8687932
9708132
10748232
6998432
6998432
8258432
8258432
8258432
8258432
8258432
8258432
8258432
8258432
8258432
8258432
8258432
8258432
8258432
8258432
8258432
8258432
8258432
12619032
16519032
16519032
12309232
12309232
14109432
14109432
14109432
14109432
14109432
16259632
16259632
16259632
16259632
16259632
16259632
16259632
16259632
18140033
18140033
18140033
18140033
18140033
18140033
18140033
18140033
18140033
14631733
14631733
14631733
14631733
14631733
14631733
14631733
21121833
21121833
21121833
21121833
21121833
21121833
21121833
21121833
21121833
21121833
21121833
21121833
21121833
21121833
21121833
21121833
21121833
21121833
21121833
21121833
21121833
21121833
21121833
21121833
21121833
21121833
21121833
21121833
14063033
14063033
14063033
14063033
14063033
14063033
14063033
14063033
14063033
14063033
14063033
14063033
14063033
14063033
14063033
14063033
14063033
14063033
14063033
14063033
14063033
14063033
14063033
14063033
14063033
14063033
14063033
14063033
14063033
14063033
14063033
14063033
14063033
14063033
14063033
14063033
14063033
14063033
14063033
14063033
14063033
14063033
14063033
14063033
14063033
14063033
14063033
14063033
14063033
14063033
14063033
14413133
14413133
14413133
14413133
14413133
14413133
75533
75533
75533
75533
75533
75533
75533
75533
75533
75533
75533
17566533
17996533
17996533
15706633
627033
627033
627033
627033
627033
627033
627033
627033
627033
627033
627033
627033
627033
627033
627033
627033
627033
627033
627033
16717233
16717233
637533
15178133
15178133
15178133
15248833
48933
48933
18510734
16880834
16880834
821134
821134
19191734
19191734
19191734
19191734
19191734
19191734
19191734
19191734
19191734
19191734
19191734
19191734
19191734
19191734
19191734
19191734
19191734
19191734
19191734
19191734
19191734
19191734
19191734
19191734
19191734
19191734
19191734
19191734
19191734
19191734
19191734
19191734
19191734
19191734
19191734
19191734
19191734
19191734
19191734
19191734
19191734
19191734
19191734
19191734
19191734
19191734
19191734
19191734
19191734
19191734
19191734
19191734
16693035
15764035
16034635
16034635
16034635
797835
797835
797835
797835
797835
797835
797835
797835
797835
14919235
14919235
14919235
14289835
14289835
14289835
14289835
14190436
16791536
16791536
16791536
16791536
16791536
16791536
16791536
16791536
16791536
16791536
16791536
16791536
16791536
16791536
15872836
15872836
15872836
15872836
15872836
15872836
15872836
15872836
15872836
14133436
14133436
14133436
14133436
14133436
14133436
14133436
14133436
14133436
14133436
14133436
14133436
14133436
14133436
14133436
14133436
14133436
14133436
14133436
14133436
14133436
14133436
14133436
14133436
14133436
14133436
14133436
14133436
14133436
14133436
14133436
14133436
14133436
14133436
14133436
14133436
14133436
14133436
14133436
14133436
14133436
14133436
18423436
14983936
14983936
14983936
14983936
16225836
14496136
14246236
14246236
14246236
14246236
16896336
16896336
16896336
16896336
16896336
16896336
16896336
16896336
16896336
16896336
16896336
16896336
16896336
16896336
16896336
16896336
16896336
16896336
16896336
16896336
16896336
16896336
16896336
16896336
16896336
16896336
16896336
16896336
16896336
16896336
16896336
16896336
16896336
16896336
16896336
17446936
17446936
17310237
1737
1737
1737
1737
1737
1737
1737
1737
1737
1737
17782537
17782537
17782537
17782537
17782537
17782537
17782537
17782537
17782537
17782537
16952837
16952837
16952837
16952837
16952837
16366137
16366137
18057537
18057537
18057537
18057537
18057537
18057537
18057537
18057537
18057537
18057537
18057537
18057537
18057537
18057537
18057537
18057537
18057537
18057537
18057537
18057537
18057537
18057537
18057537
18057537
18057537
18057537
18057537
18057537
18057537
18057537
18057537
16109137
17919537
15481338
15481338
15481338
15481338
15481338
15481338
15481338
19531338
19531338
17412138
17412138
17412138
17412138
17412138
17412138
17412138
17412138
17412138
16422338
17673938
17673938
17673938
17673938
17174338
21137338
14167938
14167938
16568438
15519538
15519538
15519538
15519538
15519538
15519538
15519538
15519538
15519538
15519538
15519538
15519538
15519538
15519538
15519538
15519538
15519538
15519538
15519538
15014339
15014339
5039
14085639
18195939
15866539
17518239
17518239
17518239
17518239
17518239
17518239
17518239
17518239
17518239
17518239
17518239
14568539
14568539
14428739
14428739
14428739
14428739
14659539
14659539
14659539
14659539
14659539
14659539
14659539
18659539
18659539
18659539
18659539
18659539
18659539
18659539
18659539
18659539
18659539
13040
13040
6140
6140
6140
6140
6140
6140
6140
6140
6140
6140
3670341
2690941
2690941
2690941
2690941
2690941
2690941
14631341
14631341
14631341
12041
12041
1362141
15022241
15022241
15022241
15022241
15022241
15022241
15022241
15022241
15022241
15022241
15022241
16722241
16722241
16722241
16722241
16722241
16722241
16722241
16722241
16722241
16722241
16722241
16722241
16722241
16722241
16722241
4042641
14192941
14192941
14192941
13041
13041
13041
13041
13341
13341
13341
13341
14653341
14653341
14653341
15503641
2144241
2144241
2144241
2144241
2144241
2144241
2144241
2144241
2144241
2144241
18754441
1355741
19597841
19597841
19597841
19597841
19597841
19597841
19597841
19597841
19597841
19597841
19597841
19597841
19597841
19597841
19597841
19597841
19597841
19597841
19597841
19597841
19597841
19597841
19597841
19597841
19597841
19597841
19597841
19597841
19597841
19597841
19597841
19597841
19597841
19597841
19597841
19597841
19597841
19597841
19597841
19597841
19597841
19597841
19597841
19597841
19597841
19597841
19597841
19597841
19597841
19597841
19597841
15247941
4538341
14298341
14298341
15898441
15898441
14968541
14968541
14968541
1028841
1028841
17959641
17959641
899941
899941
899941
899941
899941
13900042
13900042
13900042
13900042
13900042
13900042
13900042
13900042
13900042
13900042
13900042
13900042
13900042
13900042
7030242
7030242
7030242
7030242
18600542
12390642
12390642
12390642
12390642
12390642
12390642
12390642
12390642
12390642
12390642
12390642
12390642
14841342
9081642
9081642
9081642
9081642
9081642
9081642
9081642
9081642
9751642
9751642
9751642
9751642
9751642
9751642
9751642
8292042
8292042
8292042
5802442
10072442
10072442
10072442
10072442
10072442
10072442
10072442
10072442
10072442
10072442
10072442
10072442
10072442
10072442
10072442
10072442
10072442
10072442
10072442
10072442
19803042
19803042
19803042
19803042
19803042
9783242
10204042
5454142
5454142
5454142
5454142
5454142
5454142
5454142
16554542
11965142
11965142
11965142
11965142
11965142
11965142
11965142
11965142
11965142
11965142
11965142
11965142
11965142
11965142
11965142
11965142
11965142
13485442
13485442
13485442
13485442
13485442
13485442
13485442
13485442
13485442
13485442
13485442
13485442
13835742
13835742
13835742
13835742
13835742
13835742
13835742
13835742
13835742
13835742
13835742
13835742
13835742
13835742
13835742
10296042
10296042
10296042
10296042
10296042
7566142
7566142
7566142
9536542
7316642
7316642
9506642
9506642
9506642
9506642
9506642
9676642
9676642
9676642
9676642
9676642
9676642
9676642
9676642
9676642
9676642
9676642
10766842
12666842
12666842
10336942
9147742
9147742
9147742
9147742
9147742
9147742
9147742
9147742
9147742
9147742
9147742
9147742
9147742
9147742
9147742
9147742
9147742
9147742
6858742
6858742
6858742
6858742
8198942
8198942
8198942
8198942
8198942
8198942
8198942
8198942
8198942
8198942
8198942
8198942
8198942
8198942
8198942
8198942
8198942
8198942
8198942
8198942
8198942
8198942
8198942
8198942
8198942
8198942
8198942
8198942
8198942
8198942
10859042
12229042
740943
740943
740943
740943
740943
740943
740943
740943
740943
740943
740943
740943
740943
740943
740943
740943
740943
740943
740943
740943
16731443
16731443
16731443
14102143
14102143
14102143
14102143
17043843
17043843
15104043
15104043
15104043
18884443
74543
74543
74543
74543
74543
74543
74543
74543
14266743
14266743
14266743
14266743
14266743
16843
14728643
14728643
709143
709143
709143
709143
709143
709143
18519243
18519243
18519243
79543
79543
79543
79543
14520944
14520944
14520944
14520944
14520944
14520944
14520944
14520944
14520944
14520944
14520944
14520944
14520944
14520944
14520944
14520944
14520944
14520944
14520944
14520944
14520944
14520944
14520944
14520944
14520944
14520944
14520944
18421044
18421044
18531144
18531144
18531144
18531144
18531144
18531144
18531144
14591544
15312244
14073744
14073744
14073744
14095644
14095644
18715744
14986544
14986544
14986544
14986544
14986544
14986544
14986544
14986544
14986544
14986544
14986544
14986544
14986544
14986544
14986544
18088544
18088544
18088544
18088544
18088544
18088544
18088544
18088544
18088544
18088544
18088544
18088544
18088544
17051045
14091245
14091245
14091245
14091245
14091245
14091245
19302345
19302345
19302345
19302345
19302345
19302345
15412445
17514945
17514945
17514945
15048445
15048445
15048445
18318745
18318745
14469645
14469645
15219845
15219845
246
246
19540646
746
14593446
14593446
14593446
14593446
14593446
14593446
14593446
14593446
14593446
14593446
14593446
14593446
15606846
7846
17308146
17308146
17308146
17308146
17308146
14098246
17479746
47
47
47
47
47
14690847
14690847
14690847
14690847
14690847
14690847
14690847
14690847
14690847
14690847
14690847
14690847
14690847
14690847
14690847
14690847
14690847
14690847
14690847
14690847
14690847
14690847
14690847
14690847
14690847
14690847
14690847
14690847
14690847
14690847
14690847
14690847
14690847
14690847
14690847
14690847
14690847
14690847
14690847
14690847
14690847
14690847
14690847
14690847
14690847
14690847
14690847
14690847
14690847
14690847
14690847
14690847
14690847
14690847
14690847
14690847
14690847
14690847
14690847
14690847
14690847
14690847
14690847
14690847
14690847
14690847
14690847
14690847
14690847
14690847
14690847
14690847
14690847
14690847
14690847
14690847
14690847
14690847
14690847
14690847
14690847
14262247
14692547
14692547
14692547
21744147
21744147
21744147
21744147
21744147
21744147
21744147
21744147
21744147
21744147
21744147
21744147
21744147
806247
16026547
16026547
16026547
16026547
16026547
21699747
14140248
15191548
15191548
19601548
19601548
19601548
19601548
19601548
19601548
12548
12548
12548
12548
16133048
16133048
16133048
14264848
765548
765548
765548
14255548
14255548
14255548
14255548
15606048
15606048
15606048
14336948
14336948
14336948
14336948
14267348
14267348
14267348
14267348
14267348
14820549
14820549
14433949
14433949
14433949
14433949
14433949
14433949
14433949
14433949
14433949
14433949
14433949
14433949
14433949
14433949
14433949
14433949
14433949
14433949
14433949
14433949
14433949
14433949
14433949
14433949
14433949
14433949
17934649
17934649
16097049
16097049
16097049
16097049
16097049
16097049
16097049
16097049
16097049
16097049
16097049
16097049
16097049
16097049
16097049
16097049
16097049
16097049
16207149
18849049
14949249
14949249
14949249
14949249
14949249
14949249
14949249
14949249
14949249
14949249
14949249
14949249
17189349
17189349
17189349
17189349
17189349
17189349
17189349
17189349
17189349
17189349
150
21286450
21286450
21286450
21286450
21286450
21286450
21286450
21286450
21286450
21286450
21286450
21286450
14058350
14058350
15148550
15148550
15148550
15148550
15148550
15148550
15148550
17639250
17639250
17639250
17639250
17639250
17639250
17639250
17639250
17639250
17639250
17639250
17639250
17639250
17639250
17639250
17639250
17639250
17639250
17639250
17639250
17639250
17639250
17639250
17639250
860851
860851
860851
860851
860851
18100851
18100851
18521051
1002351
1002351
1002351
962751
14693051
14693051
14693051
14693051
17563851
14354451
14354451
14354451
14354451
14354451
14354451
14354451
14354451
14354451
14354451
14354451
14354451
14354451
14354451
14354451
14354451
14354451
14354451
14354451
14354451
1125151
1125151
14815151
14815151
14815151
18495651
18495651
2477051
2477051
14467251
1127951
1127951
1127951
4278151
4278151
4278151
4278151
4278151
4278151
4278151
4278151
4278151
4278151
4278151
4278151
4278151
4278151
4278151
4278151
4278151
4278151
4278151
4278151
4278151
3359851
3359851
3359851
3359851
3359851
3359851
3359851
9780052
8200352
8200352
8200352
8200352
8200352
8200352
8200352
8200352
8200352
8200352
9831152
9831152
9831152
9831152
9831152
9831152
12421152
9111552
7351752
7351752
7351752
7351752
7351752
7351752
8271852
6012052
5902552
7422652
7422652
7422652
7422652
7422652
7422652
7422652
7422652
7422652
7422652
7422652
7422652
7422652
7422652
7422652
7422652
7422652
7422652
7422652
7422652
7113252
7113252
7113252
7113252
9873552
9873552
15224252
15224252
6424452
6424452
6424452
6424452
6424452
6424452
18524452
8504952
5052
5052
9545252
9545252
9545252
9545252
9545252
9545252
9545252
10685352
10685352
11345952
11345952
11345952
11345952
11345952
12046252
12046252
12046252
12046252
12046252
5746352
5676952
5676952
5676952
5676952
5676952
5676952
5676952
5676952
5676952
5676952
11387152
11387152
11387152
11387152
11387152
9317452
9317452
16197852
16197852
16197852
16197852
16197852
16197852
16197852
16197852
11078052
11078052
11078052
15928352
8228552
8228552
8228552
8228552
8228552
8228552
8228552
8228552
8228552
8228552
8228552
8228552
8228552
8228552
8228552
8228552
8228552
8228552
8228552
8228552
5488852
5488852
5488852
12989352
12989352
12989352
12989352
12989352
12989352
12989352
12989352
9089752
9089752
9089752
9089752
9089752
9089752
9089752
9089752
9089752
9089752
9089752
7879852
14192153
14192153
2353
2353
2353
2353
2353
2353
2353
2353
2353
2353
2353
2353
2353
2353
2353
2353
2353
2353
2353
2353
2353
2353
14682953
704853
704853
14125053
14125053
14125053
14125053
365753
706853
706853
706853
706853
706853
706853
706853
706853
14328453
14789853
14789853
14789853
14789853
14789853
14789853
14789853
14789853
14789853
14789853
18621154
13054
13054
13054
5754
5754
5754
5754
5754
18716854
18716854
18716854
18716854
18716854
18716854
18716854
18716854
14159854
15310655
15310655
15310655
15310655
15310655
15310655
15482455
18002655
18002655
16193555
16193555
15795555
15795555
16686055
16686055
16686055
16686055
16686055
16686055
15176255
14287055
14287055
14287055
14287055
14287055
14287055
14287055
14287055
14287055
14287055
14287055
14287055
14287055
14287055
14287055
14287055
14287055
14287055
14287055
14287055
14287055
14287055
14287055
14287055
14287055
14287055
14287055
14287055
14287055
14287055
14287055
14287055
14287055
14287055
14287055
14779455
14779455
14779455
14779455
14779455
14779455
14779455
14779455
14779455
14779455
14779455
14779455
14779455
14779455
14201756
14201756
14201756
16794656
18526656
15747156
15747156
15747156
15747156
15747156
15747156
15747156
15747156
15747156
15747156
15747156
15747156
15747156
15747156
14288356
14288356
14288356
14288356
14288356
14288356
14288356
14288356
14288356
14288356
14288356
14288356
14288356
14288356
14288356
257
257
257
257
15971957
15971957
15971957
15971957
15971957
15971957
15971957
15971957
15971957
15971957
15971957
15971957
15971957
15971957
15971957
15971957
15971957
15603657
15603657
15603657
15603657
15603657
15603657
15603657
15603657
15603657
15603657
17123657
16954857
16954857
16954857
14255057
14255057
14255057
16196157
16196157
16196157
16196157
15286857
14257057
14257057
14257057
14257057
14257057
14257057
14257057
14257057
14257057
14257057
17401458
17401458
15151658
12458
14763858
14274058
4358
4358
14335458
18845658
14227158
16527358
16527358
16527358
16527358
16527358
16527358
16527358
16527358
16527358
16527358
16527358
16527358
16527358
16527358
16527358
16527358
16527358
16527358
16527358
16527358
16527358
16527358
16527358
16527358
16527358
15452859
15452859
17993759
17993759
17993759
17993759
17993759
17993759
17993759
17993759
17993759
17993759
17993759
17993759
17993759
18105459
16567659
16567659
19737759
15447859
15447859
14078559
14078559
14078559
14078559
14078559
14078559
14078559
14078559
14078559
14078559
14078559
14078559
14078559
14078559
14078559
14078559
14078559
14078559
14078559
14078559
260
810560
810560
810560
810560
810560
810560
810560
810560
810560
16661360
16661360
16661360
16661360
16661360
16661360
16661360
16661360
16661360
16692660
18266660
15568560
15568560
15568560
15568560
15568560
1100661
1100661
1100661
1100661
1100661
1100661
1100661
1100661
1100661
1100661
1100661
1100661
1100661
1100661
1100661
1100661
1100661
1100661
1100661
1100661
1100661
1100661
1100661
1100661
1100661
1100661
1100661
1100661
1100661
1100661
1100661
1100661
1100661
1100661
16361661
2243161
2243161
2243161
2243161
2243161
2243161
2243161
2243161
2243161
2243161
5053461
5053461
5053461
5053461
5053461
5053461
14223761
3961
3961
3961
2575461
2575461
2575461
2575461
2575461
2575461
2575461
2575461
2575461
2575461
2575461
2575461
1105661
1105661
1105661
1105661
1105661
15176161
15176161
15176161
15176161
15176161
15176161
15176161
15176161
15176161
15176161
15176161
15176161
15176161
15176161
15176161
3686561
3686561
3686561
3686561
3686561
3686561
3686561
3686561
3686561
3686561
17109161
17109161
17109161
14859361
14859361
14859361
14859361
14069661
14069661
14069661
14069661
14069661
14069661
16459661
16459661
16459661
16459661
4039761
4039761
4039761
4039761
4039761
4039761
4039761
4039761
18059761
18059761
18059761
18059761
18059761
18059761
18059761
18059761
18059761
18059761
10860062
7160462
7160462
7291462
7291462
14622462
14622462
14622462
14622462
14162662
14162662
14162662
14162662
14162662
14162662
12422962
10003262
10824762
5574862
5574862
14045162
14045162
14405162
10375362
10375362
5295562
5295562
14825962
5736262
5736262
5736262
5736262
5736262
5736262
5736262
5736262
5736262
5736262
5736262
5736262
5736262
5736262
5736262
5736262
17106762
12857862
12857862
6598362
6598362
8628462
8628462
6898562
6898562
6898562
14408762
14408762
14389062
51463
51463
51463
51463
18351863
15343263
15343263
15343263
15703463
15703463
43763
43763
19924063
19924063
19924063
19924063
17404163
15474363
15474363
15474363
15474363
15474363
15474363
15474363
804863
804863
804863
804863
804863
804863
804863
804863
804863
804863
804863
804863
804863
804863
804863
804863
14975363
6463
6463
6463
6463
6463
17366763
17366763
17366763
607063
197163
197163
667563
667563
20418463
20418463
20418463
20418463
20418463
20418463
20418463
20418463
20418463
20418463
20418463
20418463
20418463
20418463
20418463
20418463
20418463
20418463
20418463
20418463
20418463
20418463
20418463
20418463
20418463
20418463
20418463
20418463
20418463
20418463
20418463
668563
668563
668563
668563
668563
668563
699963
699963
699963
699963
699963
699963
699963
699963
699963
699963
699963
699963
699963
699963
699963
699963
699963
699963
699963
699963
699963
699963
699963
699963
699963
699963
699963
699963
699963
699963
17710364
17710364
17710364
17710364
18492564
18492564
18492564
17582664
17582664
17582664
14573364
18583564
18583564
18583564
18583564
18583564
18583564
18583564
18583564
18583564
18583564
18583564
18583564
18583564
18583564
18583564
18583564
18197564
18197564
18197564
18197564
18197564
18197564
18197564
18197564
18197564
18197564
18197564
18197564
18197564
18197564
18197564
18197564
18197564
18197564
18197564
15510365
15510365
14422565
14632565
14632565
14632565
14632565
14632565
14632565
14632565
14632565
14632565
14632565
14632565
14632565
14632565
14632565
14632565
14632565
14632565
14632565
14632565
14632565
14632565
14632565
14632565
14632565
14632565
14632565
14632565
14632565
14632565
14632565
14632565
14632565
14632565
14632565
14632565
14632565
14632565
14632565
14632565
14632565
14632565
14632565
16482865
14263065
16943665
16023965
16023965
16023965
16023965
16023965
16023965
16023965
16023965
16023965
16023965
16023965
16023965
16023965
16023965
16023965
16023965
16023965
16023965
16023965
16023965
16023965
16023965
16023965
16023965
16023965
16023965
17184065
17184065
17184065
17184065
17184065
17184065
17184065
17184065
17184065
17184065
14626565
14626565
14626565
14626565
14626565
14626565
14626565
14626565
14626565
14626565
14626565
14626565
14626565
14626565
14626565
14626565
14626565
14626565
14626565
14626565
20206965
18107965
16878165
16878165
16878165
16878165
16878165
16878165
16878165
16878165
16878165
16878165
16878165
16878165
16878165
16878165
16878165
16878165
16878165
16878165
16878165
16878165
16878165
16878165
16878165
16878165
14339065
14339065
14339065
17859265
15779965
15180866
16501166
14196666
16096966
16096966
16096966
16096966
16096966
16096966
16096966
16096966
16096966
16096966
16096966
16096966
16096966
16096966
16096966
16096966
16096966
16096966
16096966
16096966
16096966
16096966
16096966
16096966
16096966
16096966
17237066
17237066
17237066
17237066
17237066
18591167
16651767
16651767
16651767
16651767
16651767
16651767
16651767
16651767
16651767
16392267
14113567
15446067
15446067
15446067
15446067
15446067
15446067
15446067
15446067
15446067
15446067
15446067
15446067
15446067
15446067
15446067
15446067
15446067
15446067
15446067
15446067
15446067
15446067
15446067
15446067
15446067
15446067
15446067
15446067
15446067
15446067
15446067
15446067
15446067
15446067
15446067
15446067
15446067
15446067
15446067
15446067
15446067
16327067
14877167
14877167
14877167
14877167
14877167
14867567
14867567
14867567
14867567
14867567
14867567
14867567
14867567
14867567
14867567
14867567
14867567
14867567
18188667
18188667
18188667
18188667
18188667
18188667
17009567
17581168
17581168
17581168
18031568
14371668
14371668
12268
12268
20652468
7468
7468
7468
15768568
15768568
15768568
14748668
14748668
15149568
15149568
15149568
14620169
14620169
14620169
14620169
14620169
14620169
14620169
14620169
14620169
14782269
17433769
17433769
17433769
17433769
17433769
17433769
18326069
15256469
15256469
15256469
15256469
14368369
15108769
15209169
17771670
14462670
14104570
18416570
18416570
15976870
17617270
17469670
1530371
1530371
1530371
1530371
1530371
1530371
1530371
1530371
1530371
1530371
1530371
1530371
1530371
1530371
1530371
1530371
1530371
1530371
1530371
1530371
1530371
1530371
1530371
19220671
19220671
2910971
2910971
1621271
1621271
1621271
1621271
1621271
19571671
19571671
19571671
19571671
19571671
19571671
19571671
19571671
19571671
19571671
19571671
19571671
19571671
19571671
19571671
19571671
19571671
19571671
19571671
19571671
19571671
19571671
19571671
19571671
19571671
19571671
16732171
16732171
16732171
16732171
16732171
16732171
16732171
16732171
16732171
16732171
16732171
16732171
16732171
16732171
16732171
16732171
16732171
16732171
16732171
16732171
16732171
16732171
16732171
16732171
16732171
16732171
16732171
16732171
2333071
2333071
2333071
2333071
2333071
2333071
2333071
1983871
1983871
3453971
3453971
3453971
3453971
3453971
3453971
3453971
3453971
15703971
15703971
15703971
18654071
18654071
18654071
18654071
18654071
18654071
18654071
18654071
18654071
18654071
18654071
18654071
18654071
18654071
18654071
18654071
18654071
18654071
18654071
18654071
18654071
18654071
18654071
18654071
18654071
18654071
18654071
18654071
18654071
18654071
18654071
18654071
18654071
18654071
18654071
18654071
18654071
18654071
18654071
18654071
18654071
18654071
18654071
18654071
18654071
18654071
18654071
18654071
18654071
18654071
18654071
18654071
18654071
18654071
18654071
18654071
18654071
18654071
18654071
18654071
18654071
18654071
18654071
18654071
18654071
16195071
18845071
2995871
2995871
2995871
2995871
17465871
17465871
1416671
2148071
2148071
2148071
2148071
2148071
2148071
2148071
2148071
2148071
2148071
2148071
2148071
2148071
2148071
2148071
2148071
2148071
2148071
21768071
21768071
21768071
21768071
21768071
21768071
21768071
21768071
15928171
15928171
15518671
15518671
15518671
16188971
3869471
15141072
15141072
15141072
5811472
5811472
5811472
5811472
5811472
15151472
13081672
18621772
18621772
18621772
18621772
18621772
18621772
13272072
13272072
13272072
13272072
13272072
13272072
13272072
13272072
13272072
17892372
17892372
17892372
17892372
17892372
17892372
17892372
17892372
17892372
17892372
17892372
17892372
17892372
17892372
17892372
16302472
16302472
10952672
10952672
14882672
14882672
14882672
14882672
14882672
14882672
14882672
14882672
14882672
14882672
14882672
14882672
14882672
14882672
14882672
14882672
14882672
14882672
14882672
14882672
14882672
14882672
14882672
14882672
14882672
14882672
14882672
14882672
14882672
14882672
14882672
14882672
14882672
14882672
14882672
14882672
14882672
14882672
14882672
14882672
14882672
14882672
9343272
9343272
9343272
9343272
9343272
10493272
10493272
10493272
9523472
9523472
9523472
9523472
9523472
14043572
14043572
14043572
14043572
10103872
10103872
10103872
10103872
10103872
10103872
10103872
10103872
18393872
18393872
15934672
15934672
13805872
13805872
13805872
13805872
13805872
13805872
13805872
13805872
13805872
13805872
13805872
13805872
5906272
5906272
5906272
5906272
5906272
5906272
5906272
5906272
5906272
5906272
5906272
5906272
5906272
5906272
5906272
5906272
5906272
5906272
14336472
14336472
14336472
14336472
14336472
14336472
14336472
14336472
14336472
14336472
14336472
14336472
14336472
14336472
14336472
14336472
14336472
14336472
14336472
14336472
14336472
14336472
14336472
14336472
14336472
14336472
14336472
14336472
14336472
14336472
14336472
14336472
14336472
14336472
14336472
14336472
14336472
14336472
14336472
14336472
14336472
14336472
7446972
7446972
7446972
7446972
7446972
7446972
7446972
9767172
12927172
12927172
12927172
12927172
16098172
7808572
5768872
5768872
13448872
13448872
13448872
13448872
13448872
13448872
13448872
13448872
14648972
14648972
14648972
13749072
13749072
13749072
11029372
14949772
730073
730073
730073
730073
730073
730073
730073
730073
730073
730073
730073
730073
730073
730073
730073
730073
730073
15744473
15744473
15744473
14094873
36273
668473
19578573
19578573
19578573
19578573
19578573
15208773
15208773
15208773
15208773
15208773
20589573
17139873
17139873
17139873
17139873
17139873
17139873
274
874
874
874
874
874
874
874
874
874
874
874
874
874
874
874
874
874
874
874
874
874
874
874
874
874
874
874
874
874
874
874
874
874
874
874
874
874
874
874
874
874
874
874
874
874
874
874
874
874
874
874
874
874
874
874
874
874
874
874
874
874
874
874
874
874
874
874
874
874
874
874
874
874
874
874
874
874
874
874
874
874
874
874
802074
802074
802074
802074
15672774
15672774
17157774
17157774
17157774
17157774
17157774
21269374
21269374
21269374
21269374
18200175
18200175
18200175
18200175
18200175
18200175
18200175
18200175
18200175
18200175
18200175
18200175
18200175
18200175
18200175
18200175
18200175
18200175
18200175
18200175
18200175
18200175
18200175
18200175
18200175
18330275
18330275
1075
1075
1075
16981475
16981475
16981475
16981475
16981475
16981475
16981475
16981475
16981475
16981475
16981475
16981475
16981475
16981475
16981475
16981475
15302975
15302975
15302975
15302975
3475
3475
3475
3475
3475
3475
3475
3475
3475
3475
3475
3475
3475
3475
3475
3475
3475
3475
3475
3475
3475
3475
3475
3475
3475
16973875
16973875
16973875
15354375
14304475
14304475
14304475
14304475
14304475
14304475
14304475
774675
774675
774675
774675
774675
774675
774675
774675
774675
14927375
15347875
16161176
16161176
16161176
16161176
16161176
16161176
16161176
16161176
16161176
16161176
16161176
16161176
16161176
16161176
16161176
12876
18463276
18463276
18463276
18463276
18463276
16396276
16396276
16396276
16396276
16396276
16396276
16396276
16396276
16396276
16396276
16396276
16396276
16396276
16396276
16396276
16396276
16396276
16396276
16396276
16396276
16616276
16616276
15247576
15247576
19469976
17380977
16451077
16201877
16201877
16201877
16201877
16201877
17084377
17084377
17084377
17084377
17084377
17084377
17084377
17084377
17084377
17084377
17084377
17084377
17084377
17084377
17084377
17084377
17084377
17084377
17084377
17084377
17084377
17084377
17084377
17084377
17084377
17084377
17084377
17084377
14615277
14615277
15445377
15445377
15445377
14207377
14207377
17218077
14078377
14078377
14078377
14078377
14078377
14078377
14078377
14078377
14078377
14078377
14078377
14078377
14078377
14078377
14078377
14078377
14078377
14078377
14078377
14078377
14078377
14078377
14078377
14078377
14078377
14078377
14078377
14078377
14078377
14078377
14078377
14078377
14078377
14078377
14078377
14078377
14078377
14078377
14458677
17089177
17089177
17089177
17089177
17089177
17089177
17089177
17089177
17089177
10578
10578
10578
10578
10578
10578
10578
10578
10578
10578
17450678
17450678
17450678
17221878
17221878
17221878
17221878
17221878
17221878
17401878
821978
821978
821978
821978
821978
821978
821978
821978
821978
821978
821978
821978
821978
821978
821978
821978
821978
821978
821978
821978
821978
821978
821978
821978
821978
821978
821978
821978
821978
821978
821978
821978
821978
821978
821978
821978
821978
821978
821978
821978
821978
821978
821978
821978
821978
821978
821978
821978
821978
821978
821978
821978
821978
821978
821978
821978
821978
821978
821978
821978
821978
16437778
14649478
14850079
14850079
14400179
16894479
16894479
16894479
16894479
17145279
17145279
17145279
17145279
17145279
17145279
17145279
17145279
17145279
17145279
17145279
17145279
17145279
17145279
17145279
17145279
17145279
18555779
18555779
15287579
16501980
15122480
15666080
15666080
15666080
15666080
15666080
15666080
15666080
15666080
15666080
15666080
15666080
15666080
806280
806280
14817280
14817280
14817280
14817280
14817280
14817280
14817280
14817280
14817280
14817280
14817280
14817280
15108280
17828380
15648580
14619180
14619180
14619180
14619180
14619180
14879980
14879980
14879980
14390881
14390881
14390881
1081
1081
1081
1081
1081
1081
1081
1081
1081
1081
1081
1081
1081
1081
1081
1081
1081
1081
1081
1081
1081
18421081
18421081
18421081
18421081
18421081
18421081
18421081
18421081
18421081
18421081
18421081
18421081
18421081
18421081
18421081
18421081
18421081
18421081
18421081
18421081
18421081
18421081
18421081
18421081
18421081
18421081
18421081
18421081
18421081
18421081
18421081
18421081
18421081
18421081
18421081
18421081
18421081
18421081
18421081
18421081
18421081
18421081
18421081
18421081
18421081
18421081
18421081
18421081
18421081
18421081
18421081
18421081
18421081
18421081
18421081
16031781
16031781
16031781
16031781
1491981
1491981
1491981
1491981
1491981
18023081
1593581
3083881
3083881
3083881
3083881
3083881
3083881
3083881
3083881
3083881
3083881
3083881
3083881
3083881
3083881
3083881
3083881
3083881
3083881
14563881
14563881
2564981
3034981
3034981
3034981
4925881
4925881
4925881
4925881
4925881
4925881
4925881
4925881
4925881
4925881
4925881
4925881
4925881
4925881
4925881
4925881
4925881
4925881
4925881
4925881
4925881
4925881
4925881
4925881
4925881
4925881
4925881
4925881
4925881
4925881
4925881
4925881
4925881
4925881
4925881
4925881
4925881
4925881
4925881
4925881
2305981
2305981
2305981
2305981
2305981
15207081
16487081
19867681
4328581
4328581
4328581
4328581
4328581
4328581
4328581
4328581
4328581
4328581
4328581
4328581
4328581
4328581
4328581
4328581
2559081
2559081
2559081
2559081
2559081
2559081
2559081
2559081
2559081
2559081
2559081
2559081
2559081
2559081
2559081
2559081
2559081
2559081
2559081
2559081
2559081
2559081
2559081
2559081
2559081
2559081
2559081
2559081
2559081
2559081
2559081
2559081
2559081
2559081
2559081
2559081
2559081
2559081
2559081
2559081
2559081
2559081
2559081
2559081
2559081
2559081
2559081
2559081
2559081
2559081
2559081
2559081
16059281
16059281
16059281
16059281
16059281
16059281
16059281
16059281
16059281
16059281
16059281
16059281
16059281
16059281
16059281
16059281
16059281
16059281
16059281
16059281
16059281
16059281
16059281
16059281
3939681
3939681
3939681
3939681
3939681
16829781
10790082
15220482
15220482
15220482
15220482
15220482
15220482
15220482
15220482
15060582
15060582
9990782
9990782
9481082
18091482
10391982
10391982
12681982
12681982
12681982
12582082
15252282
6852682
6193182
6193182
6193182
6193182
6193182
6193182
6193182
6193182
6193182
6193182
6193182
6193182
6193182
6193182
6193182
6193182
6193182
6193182
6193182
6193182
6193182
6193182
6193182
6193182
6193182
6193182
6193182
6193182
3382
3382
14403482
7144182
7144182
14694382
14694382
14694382
8524482
8524482
8524482
9804482
9804482
14435082
9716382
9716382
9716382
9716382
9716382
9716382
9716382
9716382
9716382
9716382
9716382
9716382
9716382
9446582
5346682
5346682
5346682
5346682
5346682
5346682
5346682
5346682
5346682
5346682
5346682
5346682
5346682
5346682
5346682
5346682
5346682
5346682
5346682
5346682
5346682
5346682
5346682
5346682
5346682
5346682
9406782
5637182
5637182
5637182
7357282
7357282
7817282
7817282
7817282
7817282
7817282
7817282
15107482
15107482
11447682
7027782
7027782
6987882
7078182
7878282
7878282
7878282
8238682
8238682
8238682
8238682
8238682
8238682
8238682
8238682
8238682
8238682
8238682
8238682
8238682
8238682
8238682
8238682
8238682
8238682
8238682
8238682
8238682
8238682
8238682
8238682
8238682
8238682
8238682
8238682
8238682
8238682
8238682
8238682
8238682
8238682
8238682
8238682
8238682
8238682
8238682
8238682
8238682
10228782
10228782
10228782
10228782
10228782
9838882
12859382
12859382
7909882
7909882
7909882
7909882
7909882
7909882
7909882
7909882
7909882
7909882
7909882
14950583
14950583
15172283
15172283
15172283
15172283
662783
662783
662783
15703283
15703283
15703283
43483
43483
43483
18526683
18526683
18526683
18526683
18526683
18526683
18526683
18526683
18526683
236983
236983
236983
236983
236983
14747183
14747183
14747183
14747183
14747183
14747183
17082684
15442984
15442984
15442984
15442984
15442984
15442984
15442984
15442984
15442984
15442984
15442984
15442984
15442984
15442984
15442984
15442984
15442984
15442984
15442984
15442984
15442984
15442984
15442984
15442984
15442984
15442984
15442984
15442984
20685484
20685484
20685484
20685484
20685484
1585
1585
1585
1585
1585
1585
1585
1585
1585
1585
1585
1585
18124085
18164685
18164685
16194885
16194885
16194885
16194885
16194885
16194885
16194885
16194885
16194885
16194885
17276085
17276085
19336285
19336285
19336285
19336285
19336285
19336285
19336285
19336285
18027685
14948485
14948485
14948485
14948485
14948485
14948485
14948485
14948485
14948485
14948485
14948485
14948485
14948485
14948485
14948485
14948485
14948485
17909185
17909185
17909185
17909185
17909185
17909185
17909185
17909185
17909185
17909185
17909185
17909185
17909185
17909185
17909185
17909185
17909185
17909185
586
586
586
15323486
17026986
19470087
19470087
19470387
16750887
16750887
16750887
16750887
16750887
16750887
16750887
16750887
16750887
16750887
16750887
16750887
16750887
20621587
20621587
16422387
17746087
17746087
17746087
17746087
17746087
17746087
17746087
14166387
14166387
14166387
14166387
14166387
14166387
14166387
14166387
14166387
14166387
14166387
6587
6587
14427887
16728487
16728487
16728487
16728487
16728487
16728487
16728487
16728487
16728487
16728487
16728487
16728487
16728487
16728487
16728487
16728487
16728487
16728487
16728487
16728487
16728487
16728487
16728487
16728487
16728487
16728487
16728487
16728487
16728487
16728487
16728487
16728487
16728487
16728487
16728487
16728487
16728487
16728487
16728487
16728487
16728487
16728487
16728487
16728487
16728487
16728487
16728487
16728487
988
18992088
18992088
18992088
18992088
18992088
18992088
18992088
18992088
18992088
18992088
19073088
17246888
17246888
17246888
17246888
17246888
17246888
17246888
17246888
17246888
17246888
17246888
17246888
17246888
17246888
17246888
17246888
17246888
17246888
17246888
17246888
17246888
17246888
17246888
17246888
17246888
17246888
17246888
17246888
17246888
17246888
17246888
17246888
17246888
17246888
17246888
17246888
17246888
17246888
17246888
17246888
17246888
17246888
17246888
17246888
17246888
17246888
17246888
17246888
17246888
17246888
17246888
17246888
17246888
17246888
17246888
17246888
17246888
17246888
17246888
17246888
17246888
17246888
17246888
17246888
17246888
17246888
17246888
17246888
17246888
17246888
17246888
17246888
17246888
17246888
17246888
17246888
17246888
17246888
17246888
17246888
18399188
21891989
21891989
21891989
16696889
16696889
16696889
16696889
16128589
16128589
16128589
16128589
16128589
16128589
16128589
16128589
18689989
18689989
18689989
15711790
15711790
15711790
15711790
15862790
15862790
15862790
823890
19124090
15344890
15344890
15344890
17315090
16255990
16255990
14766090
14766090
14766090
14766090
14766090
14766090
14766090
14766090
14766090
14766090
14766090
14766090
14766090
14766090
14766090
14766090
14766090
14766090
14766090
14766090
14766090
14766090
14766090
14766090
14766090
14766090
14766090
14766090
14766090
14766090
14766090
14766090
14766090
19567890
15908890
3700091
3700091
3700091
3700091
3700091
3700091
3700091
3700091
3700091
3700091
3700091
3700091
3700091
17910491
17910491
17910491
17910491
17910491
17910491
17910491
17910491
17210591
18831291
16651791
16651791
3752691
3752691
3752691
3752691
2883691
2883691
2883691
2883691
2883691
2735591
2735591
2735591
1175791
1175791
3056391
15976691
3747091
3747091
3747091
3747091
3747091
5117291
5117291
5117291
5117291
5117291
5117291
14817791
14817791
3228191
898691
898691
3849391
3849391
3849391
3849391
3849391
3849391
3849391
10790292
10790292
10790292
10790292
7870892
7870892
7870892
7870892
7870892
1192
1192
1192
1192
1192
1192
1192
1192
11511192
19671392
7901492
7901492
7901492
6722192
6722192
6722192
5942292
5942292
9872292
9872292
9872292
9872292
9982292
9982292
9982292
9982292
9982292
12963692
12963692
5653992
5653992
5653992
11153992
11153992
11153992
11153992
9914392
9914392
16404592
16404592
16404592
16404592
16404592
16404592
16404592
20384592
20384592
20384592
20384592
20384592
20384592
20384592
20384592
9904692
9904692
9904692
9904692
9904692
9904692
9904692
9904692
9904692
9904692
12924692
12924692
11535092
12295092
12295092
12295092
12295092
12295092
10355192
10355192
10355192
755692
755692
14425692
14425692
14425692
14425692
14425692
14425692
14425692
14425692
14425692
14425692
14425692
14425692
14425692
14425692
14425692
5605792
9445792
8765892
8765892
8765892
8765892
10785892
16026192
16026192
16026192
16026192
9286292
13536792
13536792
13536792
13536792
13536792
13536792
13536792
13536792
13536792
15046792
8266992
8266992
13206992
13206992
13206992
13206992
13206992
13206992
13206992
13206992
13206992
13206992
13206992
13206992
13206992
13206992
13206992
13206992
13206992
13206992
13206992
13206992
13206992
13206992
13206992
13206992
5517492
10037592
12897992
12897992
12897992
12897992
10428292
10428292
10428292
8198392
10748492
9178992
9178992
9178992
9178992
9178992
9178992
9178992
6799092
12039092
12039092
12039092
7589692
10193
10193
10193
10193
10293
15010993
18351093
18351093
14263193
14263193
14263193
43693
43693
43693
16644093
18934593
18934593
18934593
18934593
18934593
18934593
18934593
18934593
18934593
18934593
184693
184693
184693
184693
184693
184693
364693
66393
66393
66393
14270494
14270494
14270494
14270494
14270494
14270494
14270494
14270494
14270494
14270494
14270494
14270494
14270494
14270494
14270494
14270494
14270494
14270494
14270494
14270494
14270494
14270494
14270494
14270494
14270494
14270494
14270494
14270494
14270494
14680594
14680594
14680594
16231894
3294
3294
19105194
14755594
14755594
14755594
18595894
14068094
14068094
15668094
15668094
15668094
15668094
15668094
15668094
15668094
15668094
15668094
15668094
15668094
15668094
15668094
15668094
15668094
15668094
15668094
15668094
15668094
15668094
15668094
15668094
15668094
15668094
15668094
15668094
15668094
15668094
15668094
15668094
15668094
15668094
15668094
15668094
15668094
15668094
15668094
15668094
15668094
18788294
18788294
18788294
16948794
17731295
17731295
17731295
17731295
17731295
17731295
17731295
17731295
17731295
17731295
17731295
17731295
17731295
17731295
17731295
17732995
17732995
17732995
17732995
17732995
17732995
17732995
14723795
14723795
14634395
14634395
14634395
14634395
14634395
14634395
14634395
14395095
14395095
14395095
14395095
14395095
14395095
14395095
14395095
15447595
20257695
15108695
15108695
15108695
15108695
15108695
15108695
15108695
15109195
15109195
17390796
17083396
17083396
17083396
17083396
17083396
17083396
17083396
17083396
17083396
17083396
14105596
14105596
14105596
14105596
18436296
18436296
18436296
21116396
17367296
17367296
17367296
17367296
17367296
19827696
19827696
19827696
19827696
19827696
14619796
14619796
14619796
14619796
14619796
14619796
13297
13297
13297
13297
13297
13297
13297
13297
13297
13397
13397
13397
14195797
14195797
14195797
14456297
14456297
14456297
14456297
14456297
14456297
14456297
14456297
14456297
14456297
14456297
14167197
14167197
14167197
14167197
16259597
19209997
19209997
19209997
19209997
20752998
20752998
16003398
18136498
18136498
18136498
18136498
18136498
18136498
18136498
18136498
18136498
18136498
18136498
18136498
18136498
18136498
18136498
18136498
15017198
15017198
15017198
16342199
15272599
15272599
15863699
15863699
16204699
16204699
16204699
16204699
16204699
16445099
16445099
16445099
